27.641344
68.075487
44.703012
23.518445
74.503234
75.850210
14.472454
38.526575
16.153167
86.281058
25.741017
29.266735
86.007995
36.371388
93.913822
9.601875
78.716701
91.599629
14.969700
95.744374
75.698066
57.391000
70.542596
9.411544
79.818184
4.223393
82.570828
67.912854
11.341983
24.701886
64.605554
25.545919
50.252806
98.909653
74.531335
48.141854
20.143299
48.420821
8.744246
64.543380
80.591009
93.085737
91.985074
93.137285
58.350846
2.670494
82.988789
92.569195
10.466012
2.265098
69.505108
72.352402
26.827331
86.955129
54.851927
96.335219
6.025477
70.198021
18.140127
81.109895
14.003525
57.236552
74.735485
79.298053
62.381808
51.042749
75.485766
89.267078
11.781351
9.166945
68.847899
26.631193
90.452396
33.412200
58.842189
60.668714
59.070723
1.646478
72.355119
72.480891
86.334704
27.377887
40.149768
97.151474
24.819629
43.499891
2.662803
53.727691
1.306444
57.404107
90.821237
32.535285
20.535089
33.241471
89.404860
27.483489
14.996571
47.363447
37.455310
11.387200
