-4 -0.160165
-3.96 -0.0725387
-3.92 -0.00683239
-3.88 0.0402814
-3.84 0.0717869
-3.8 0.0903506
-3.76 0.0983448
-3.72 0.0978702
-3.68 0.0907774
-3.64 0.0786868
-3.6 0.0630077
-3.56 0.0449562
-3.52 0.0255723
-3.48 0.00573524
-3.44 -0.0138208
-3.4 -0.0324933
-3.36 -0.0497981
-3.32 -0.065357
-3.28 -0.0788863
-3.24 -0.0901865
-3.2 -0.0991316
-3.16 -0.105661
-3.12 -0.109769
-3.08 -0.1115
-3.04 -0.110938
-3 -0.108201
-2.96 -0.103436
-2.92 -0.0968119
-2.88 -0.0885158
-2.84 -0.0787466
-2.8 -0.067712
-2.76 -0.0556244
-2.72 -0.0426979
-2.68 -0.0291446
-2.64 -0.0151728
-2.6 -0.000983931
-2.56 0.0132288
-2.52 0.0272824
-2.48 0.0410055
-2.44 0.0542395
-2.4 0.0668392
-2.36 0.078674
-2.32 0.089628
-2.28 0.0996006
-2.24 0.108506
-2.2 0.116275
-2.16 0.122851
-2.12 0.128195
-2.08 0.132281
-2.04 0.135097
-2 0.136645
-1.96 0.136938
-1.92 0.136002
-1.88 0.133876
-1.84 0.130606
-1.8 0.12625
-1.76 0.120872
-1.72 0.114546
-1.68 0.107352
-1.64 0.0993739
-1.6 0.090703
-1.56 0.0814327
-1.52 0.0716598
-1.48 0.0614828
-1.44 0.0510016
-1.4 0.0403159
-1.36 0.0295251
-1.32 0.018727
-1.28 0.00801722
-1.24 -0.00251139
-1.2 -0.0127697
-1.16 -0.0226725
-1.12 -0.0321397
-1.08 -0.0410962
-1.04 -0.0494727
-1 -0.0572059
-0.96 -0.0642394
-0.92 -0.0705231
-0.88 -0.0760144
-0.84 -0.0806777
-0.8 -0.0844848
-0.76 -0.0874151
-0.72 -0.0894553
-0.68 -0.0905998
-0.64 -0.0908504
-0.6 -0.0902162
-0.56 -0.0887132
-0.52 -0.0863647
-0.48 -0.0832005
-0.44 -0.0792568
-0.4 -0.0745758
-0.36 -0.0692054
-0.32 -0.0631989
-0.28 -0.0566143
-0.24 -0.0495139
-0.2 -0.0419642
-0.16 -0.0340347
-0.12 -0.0257979
-0.08 -0.0173286
-0.04 -0.00870345
0 -1.14518e-16
0.04 0.00870345
0.08 0.0173286
0.12 0.0257979
0.16 0.0340347
0.2 0.0419642
0.24 0.0495139
0.28 0.0566143
0.32 0.0631989
0.36 0.0692054
0.4 0.0745758
0.44 0.0792568
0.48 0.0832005
0.52 0.0863647
0.56 0.0887132
0.6 0.0902162
0.64 0.0908504
0.68 0.0905998
0.72 0.0894553
0.76 0.0874151
0.8 0.0844848
0.84 0.0806777
0.88 0.0760144
0.92 0.0705231
0.96 0.0642394
1 0.0572059
1.04 0.0494727
1.08 0.0410962
1.12 0.0321397
1.16 0.0226725
1.2 0.0127697
1.24 0.00251139
1.28 -0.00801722
1.32 -0.018727
1.36 -0.0295251
1.4 -0.0403159
1.44 -0.0510016
1.48 -0.0614828
1.52 -0.0716598
1.56 -0.0814327
1.6 -0.090703
1.64 -0.0993739
1.68 -0.107352
1.72 -0.114546
1.76 -0.120872
1.8 -0.12625
1.84 -0.130606
1.88 -0.133876
1.92 -0.136002
1.96 -0.136938
2 -0.136645
2.04 -0.135097
2.08 -0.132281
2.12 -0.128195
2.16 -0.122851
2.2 -0.116275
2.24 -0.108506
2.28 -0.0996006
2.32 -0.089628
2.36 -0.078674
2.4 -0.0668392
2.44 -0.0542395
2.48 -0.0410055
2.52 -0.0272824
2.56 -0.0132288
2.6 0.000983931
2.64 0.0151728
2.68 0.0291446
2.72 0.0426979
2.76 0.0556244
2.8 0.067712
2.84 0.0787466
2.88 0.0885158
2.92 0.0968119
2.96 0.103436
3 0.108201
3.04 0.110938
3.08 0.1115
3.12 0.109769
3.16 0.105661
3.2 0.0991316
3.24 0.0901865
3.28 0.0788863
3.32 0.065357
3.36 0.0497981
3.4 0.0324933
3.44 0.0138208
3.48 -0.00573524
3.52 -0.0255723
3.56 -0.0449562
3.6 -0.0630077
3.64 -0.0786868
3.68 -0.0907774
3.72 -0.0978702
3.76 -0.0983448
3.8 -0.0903506
3.84 -0.0717869
3.88 -0.0402814
3.92 0.00683239
3.96 0.0725387
4 0.160165


-4 -0.00444976
-3.96 0.0138315
-3.92 -0.00445207
-3.88 -0.0138866
-3.84 -0.00727318
-3.8 0.00507106
-3.76 0.0120534
-3.72 0.00921634
-3.68 -0.00108317
-3.64 -0.0129459
-3.6 -0.0206067
-3.56 -0.0208487
-3.52 -0.0137033
-3.48 -0.00175762
-3.44 0.0112737
-3.4 0.0220493
-3.36 0.0286891
-3.32 0.0312143
-3.28 0.0313329
-3.24 0.0317339
-3.2 0.0351388
-3.16 0.0433739
-3.12 0.0566778
-3.08 0.073385
-3.04 0.0900313
-3 0.101844
-2.96 0.103512
-2.92 0.0901018
-2.88 0.0579559
-2.84 0.0054401
-2.8 -0.0665697
-2.76 -0.154529
-2.72 -0.25241
-2.68 -0.352202
-2.64 -0.444672
-2.6 -0.520269
-2.56 -0.570104
-2.52 -0.586857
-2.48 -0.565558
-2.44 -0.504128
-2.4 -0.403661
-2.36 -0.26841
-2.32 -0.105494
-2.28 0.0756452
-2.24 0.263978
-2.2 0.447738
-2.16 0.615325
-2.12 0.756171
-2.08 0.861511
-2.04 0.924985
-2 0.94305
-1.96 0.915159
-1.92 0.843724
-1.88 0.733851
-1.84 0.592903
-1.8 0.429918
-1.76 0.254932
-1.72 0.0782648
-1.68 -0.0901712
-1.64 -0.241506
-1.6 -0.368438
-1.56 -0.465615
-1.52 -0.529874
-1.48 -0.560302
-1.44 -0.558147
-1.4 -0.526587
-1.36 -0.470384
-1.32 -0.395446
-1.28 -0.308349
-1.24 -0.215846
-1.2 -0.124396
-1.16 -0.0397481
-1.12 0.0333885
-1.08 0.0915823
-1.04 0.132806
-1 0.156454
-0.96 0.163256
-0.92 0.155104
-0.88 0.134802
-0.84 0.105773
-0.8 0.0717412
-0.76 0.0364153
-0.72 0.00319912
-0.68 -0.0250542
-0.64 -0.0462257
-0.6 -0.0590433
-0.56 -0.0631182
-0.52 -0.0589076
-0.48 -0.0476108
-0.44 -0.0310099
-0.4 -0.0112714
-0.36 0.0092737
-0.32 0.0283522
-0.28 0.0439557
-0.24 0.0545144
-0.2 0.0590271
-0.16 0.0571344
-0.12 0.0491337
-0.08 0.0359345
-0.04 0.0189594
0 1.2441e-15
0.04 -0.0189594
0.08 -0.0359345
0.12 -0.0491337
0.16 -0.0571344
0.2 -0.0590271
0.24 -0.0545144
0.28 -0.0439557
0.32 -0.0283522
0.36 -0.0092737
0.4 0.0112714
0.44 0.0310099
0.48 0.0476108
0.52 0.0589076
0.56 0.0631182
0.6 0.0590433
0.64 0.0462257
0.68 0.0250542
0.72 -0.00319912
0.76 -0.0364153
0.8 -0.0717412
0.84 -0.105773
0.88 -0.134802
0.92 -0.155104
0.96 -0.163256
1 -0.156454
1.04 -0.132806
1.08 -0.0915823
1.12 -0.0333885
1.16 0.0397481
1.2 0.124396
1.24 0.215846
1.28 0.308349
1.32 0.395446
1.36 0.470384
1.4 0.526587
1.44 0.558147
1.48 0.560302
1.52 0.529874
1.56 0.465615
1.6 0.368438
1.64 0.241506
1.68 0.0901712
1.72 -0.0782648
1.76 -0.254932
1.8 -0.429918
1.84 -0.592903
1.88 -0.733851
1.92 -0.843724
1.96 -0.915159
2 -0.94305
2.04 -0.924985
2.08 -0.861511
2.12 -0.756171
2.16 -0.615325
2.2 -0.447738
2.24 -0.263978
2.28 -0.0756452
2.32 0.105494
2.36 0.26841
2.4 0.403661
2.44 0.504128
2.48 0.565558
2.52 0.586857
2.56 0.570104
2.6 0.520269
2.64 0.444672
2.68 0.352202
2.72 0.25241
2.76 0.154529
2.8 0.0665697
2.84 -0.0054401
2.88 -0.0579559
2.92 -0.0901018
2.96 -0.103512
3 -0.101844
3.04 -0.0900313
3.08 -0.073385
3.12 -0.0566778
3.16 -0.0433739
3.2 -0.0351388
3.24 -0.0317339
3.28 -0.0313329
3.32 -0.0312143
3.36 -0.0286891
3.4 -0.0220493
3.44 -0.0112737
3.48 0.00175762
3.52 0.0137033
3.56 0.0208487
3.6 0.0206067
3.64 0.0129459
3.68 0.00108317
3.72 -0.00921634
3.76 -0.0120534
3.8 -0.00507106
3.84 0.00727318
3.88 0.0138866
3.92 0.00445207
3.96 -0.0138315
4 0.00444976


-4 -4.00796e-07
-3.96 -9.55764e-05
-3.92 -0.000292168
-3.88 -0.00045683
-3.84 -0.000967019
-3.8 -0.00134625
-3.76 -0.00191206
-3.72 -0.00271482
-3.68 -0.00353368
-3.64 -0.00423468
-3.6 -0.00478038
-3.56 -0.00505057
-3.52 -0.00476447
-3.48 -0.00354622
-3.44 -0.00102302
-3.4 0.00312546
-3.36 0.00916064
-3.32 0.0172704
-3.28 0.0275102
-3.24 0.0397047
-3.2 0.0533395
-3.16 0.0674816
-3.12 0.0807488
-3.08 0.0913369
-3.04 0.0971033
-3 0.0957062
-2.96 0.0847988
-2.92 0.06228
-2.88 0.0265913
-2.84 -0.0229614
-2.8 -0.0858956
-2.76 -0.160299
-2.72 -0.242685
-2.68 -0.328005
-2.64 -0.40984
-2.6 -0.480798
-2.56 -0.533081
-2.52 -0.5592
-2.48 -0.552766
-2.44 -0.50927
-2.4 -0.426776
-2.36 -0.306418
-2.32 -0.152648
-2.28 0.0268564
-2.24 0.221604
-2.2 0.419041
-2.16 0.605562
-2.12 0.767692
-2.08 0.893315
-2.04 0.972823
-2 1.00004
-1.96 0.972846
-1.92 0.893353
-1.88 0.767733
-1.84 0.605591
-1.8 0.419047
-1.76 0.221583
-1.72 0.0268137
-1.68 -0.152698
-1.64 -0.306459
-1.6 -0.426789
-1.56 -0.509248
-1.52 -0.552713
-1.48 -0.559134
-1.44 -0.533026
-1.4 -0.480778
-1.36 -0.409867
-1.32 -0.328072
-1.28 -0.242768
-1.24 -0.160365
-1.2 -0.0859154
-1.16 -0.0229247
-1.12 0.0266709
-1.08 0.0623688
-1.04 0.0848579
-1 0.0957104
-0.96 0.0970544
-0.92 0.0912628
-0.88 0.0806884
-0.84 0.067462
-0.8 0.0533598
-0.76 0.0397382
-0.72 0.0275254
-0.68 0.0172576
-0.64 0.0091425
-0.6 0.00313832
-0.56 -0.000966683
-0.52 -0.00348119
-0.48 -0.00475102
-0.44 -0.0051146
-0.4 -0.00487383
-0.36 -0.00427826
-0.32 -0.00351999
-0.28 -0.00273587
-0.24 -0.00201428
-0.2 -0.00140389
-0.16 -0.000922697
-0.12 -0.000566296
-0.08 -0.000314745
-0.04 -0.000137988
0 -2.85934e-16
0.04 0.000137988
0.08 0.000314745
0.12 0.000566296
0.16 0.000922697
0.2 0.00140389
0.24 0.00201428
0.28 0.00273587
0.32 0.00351999
0.36 0.00427826
0.4 0.00487383
0.44 0.0051146
0.48 0.00475102
0.52 0.00348119
0.56 0.000966683
0.6 -0.00313832
0.64 -0.0091425
0.68 -0.0172576
0.72 -0.0275254
0.76 -0.0397382
0.8 -0.0533598
0.84 -0.067462
0.88 -0.0806884
0.92 -0.0912628
0.96 -0.0970544
1 -0.0957104
1.04 -0.0848579
1.08 -0.0623688
1.12 -0.0266709
1.16 0.0229247
1.2 0.0859154
1.24 0.160365
1.28 0.242768
1.32 0.328072
1.36 0.409867
1.4 0.480778
1.44 0.533026
1.48 0.559134
1.52 0.552713
1.56 0.509248
1.6 0.426789
1.64 0.306459
1.68 0.152698
1.72 -0.0268137
1.76 -0.221583
1.8 -0.419047
1.84 -0.605591
1.88 -0.767733
1.92 -0.893353
1.96 -0.972846
2 -1.00004
2.04 -0.972823
2.08 -0.893315
2.12 -0.767692
2.16 -0.605562
2.2 -0.419041
2.24 -0.221604
2.28 -0.0268564
2.32 0.152648
2.36 0.306418
2.4 0.426776
2.44 0.50927
2.48 0.552766
2.52 0.5592
2.56 0.533081
2.6 0.480798
2.64 0.40984
2.68 0.328005
2.72 0.242685
2.76 0.160299
2.8 0.0858956
2.84 0.0229614
2.88 -0.0265913
2.92 -0.06228
2.96 -0.0847988
3 -0.0957062
3.04 -0.0971033
3.08 -0.0913369
3.12 -0.0807488
3.16 -0.0674816
3.2 -0.0533395
3.24 -0.0397047
3.28 -0.0275102
3.32 -0.0172704
3.36 -0.00916064
3.4 -0.00312546
3.44 0.00102302
3.48 0.00354622
3.52 0.00476447
3.56 0.00505057
3.6 0.00478038
3.64 0.00423468
3.68 0.00353368
3.72 0.00271482
3.76 0.00191206
3.8 0.00134625
3.84 0.000967019
3.88 0.00045683
3.92 0.000292168
3.96 9.55764e-05
4 4.00796e-07


