-4	1	1	1	1	1	1	1	1
-3.96	1	0.99	0.97	0.94	0.9	0.85	0.79	0.72
-3.92	1	0.98	0.940302	0.881508	0.804523	0.710553	0.601106	0.47799
-3.88	1	0.97	0.910905	0.824507	0.713461	0.581232	0.432037	0.270772
-3.84	1	0.96	0.881809	0.768984	0.62671	0.461621	0.281565	0.095327
-3.8	1	0.95	0.853015	0.714923	0.544166	0.351312	0.148506	-0.0511923
-3.76	1	0.94	0.824523	0.662309	0.465724	0.249909	0.0317244	-0.171468
-3.72	1	0.93	0.796332	0.611125	0.391282	0.157024	-0.0698717	-0.268022
-3.68	1	0.92	0.768442	0.561358	0.32074	0.0722766	-0.157328	-0.343223
-3.64	1	0.91	0.740854	0.512992	0.253997	-0.00470129	-0.231648	-0.399294
-3.6	1	0.9	0.713568	0.466012	0.190954	-0.0742703	-0.293793	-0.438315
-3.56	1	0.89	0.686583	0.420402	0.131513	-0.136782	-0.344681	-0.46223
-3.52	1	0.88	0.659899	0.376147	0.0755775	-0.192578	-0.385192	-0.472856
-3.48	1	0.87	0.633518	0.333233	0.0230518	-0.241992	-0.416167	-0.471882
-3.44	1	0.86	0.607437	0.291643	-0.026159	-0.285348	-0.438406	-0.460879
-3.4	1	0.85	0.581658	0.251363	-0.0721485	-0.322964	-0.452675	-0.441304
-3.36	1	0.84	0.556181	0.212377	-0.115009	-0.355146	-0.459701	-0.414504
-3.32	1	0.83	0.531005	0.17467	-0.154833	-0.382194	-0.460178	-0.381722
-3.28	1	0.82	0.506131	0.138228	-0.191709	-0.404397	-0.454762	-0.344103
-3.24	1	0.81	0.481558	0.103033	-0.225728	-0.422039	-0.444081	-0.302696
-3.2	1	0.8	0.457286	0.0690726	-0.256977	-0.435394	-0.428725	-0.258459
-3.16	1	0.79	0.433317	0.0363301	-0.285544	-0.444729	-0.409255	-0.212266
-3.12	1	0.78	0.409648	0.00479062	-0.311514	-0.450301	-0.386202	-0.164907
-3.08	1	0.77	0.386281	-0.0255611	-0.334974	-0.45236	-0.360065	-0.117097
-3.04	1	0.76	0.363216	-0.0547404	-0.356005	-0.451151	-0.331315	-0.0694771
-3	1	0.75	0.340452	-0.0827623	-0.374692	-0.446907	-0.300397	-0.0226177
-2.96	1	0.74	0.31799	-0.109642	-0.391116	-0.439857	-0.267724	0.0229752
-2.92	1	0.73	0.295829	-0.135395	-0.405357	-0.430219	-0.233688	0.066858
-2.88	1	0.72	0.27397	-0.160037	-0.417495	-0.418208	-0.198651	0.108645
-2.84	1	0.71	0.252412	-0.183582	-0.427609	-0.404029	-0.162953	0.148006
-2.8	1	0.7	0.231156	-0.206045	-0.435776	-0.387879	-0.126909	0.184662
-2.76	1	0.69	0.210201	-0.227443	-0.442073	-0.36995	-0.090811	0.218382
-2.72	1	0.68	0.189548	-0.24779	-0.446573	-0.350426	-0.0549289	0.24898
-2.68	1	0.67	0.169196	-0.267102	-0.449353	-0.329485	-0.019511	0.276312
-2.64	1	0.66	0.149146	-0.285394	-0.450483	-0.307297	0.0152154	0.300275
-2.6	1	0.65	0.129397	-0.30268	-0.450038	-0.284027	0.0490429	0.320798
-2.56	1	0.64	0.10995	-0.318977	-0.448087	-0.259832	0.0817832	0.337848
-2.52	1	0.63	0.090804	-0.334299	-0.4447	-0.234862	0.113267	0.351421
-2.48	1	0.62	0.0719598	-0.348661	-0.439946	-0.209263	0.143342	0.36154
-2.44	1	0.61	0.0534171	-0.36208	-0.433893	-0.183172	0.171874	0.368256
-2.4	1	0.6	0.0351759	-0.37457	-0.426607	-0.156723	0.198745	0.371643
-2.36	1	0.59	0.0172362	-0.386146	-0.418154	-0.13004	0.223851	0.371795
-2.32	1	0.58	-0.00040201	-0.396824	-0.408597	-0.103245	0.247106	0.368827
-2.28	1	0.57	-0.0177387	-0.406618	-0.398001	-0.0764517	0.268437	0.362869
-2.24	1	0.56	-0.0347739	-0.415544	-0.386428	-0.0497683	0.287783	0.354068
-2.2	1	0.55	-0.0515075	-0.423618	-0.373938	-0.023298	0.305099	0.342583
-2.16	1	0.54	-0.0679397	-0.430854	-0.360592	0.00286203	0.320351	0.328584
-2.12	1	0.53	-0.0840704	-0.437268	-0.346449	0.0286198	0.333516	0.312252
-2.08	1	0.52	-0.0998995	-0.442875	-0.331567	0.0538889	0.344583	0.293775
-2.04	1	0.51	-0.115427	-0.44769	-0.316002	0.0785881	0.353553	0.273347
-2	1	0.5	-0.130653	-0.451728	-0.29981	0.102641	0.360435	0.251168
-1.96	1	0.49	-0.145578	-0.455005	-0.283046	0.125978	0.365249	0.227439
-1.92	1	0.48	-0.160201	-0.457536	-0.265763	0.148531	0.368021	0.202367
-1.88	1	0.47	-0.174523	-0.459336	-0.248014	0.17024	0.368789	0.176157
-1.84	1	0.46	-0.188543	-0.46042	-0.229851	0.191049	0.367597	0.149015
-1.8	1	0.45	-0.202261	-0.460804	-0.211323	0.210906	0.364495	0.121145
-1.76	1	0.44	-0.215678	-0.460503	-0.19248	0.229763	0.359543	0.0927477
-1.72	1	0.43	-0.228794	-0.459531	-0.17337	0.247578	0.352804	0.0640223
-1.68	1	0.42	-0.241608	-0.457905	-0.15404	0.264314	0.344348	0.0351625
-1.64	1	0.41	-0.254121	-0.455639	-0.134537	0.279934	0.334251	0.00635707
-1.6	1	0.4	-0.266332	-0.452749	-0.114904	0.294411	0.322592	-0.0222113
-1.56	1	0.39	-0.278241	-0.449249	-0.0951859	0.307718	0.309456	-0.0503664
-1.52	1	0.38	-0.289849	-0.445156	-0.0754255	0.319834	0.294931	-0.0779393
-1.48	1	0.37	-0.301156	-0.440484	-0.0556643	0.330739	0.279108	-0.104769
-1.44	1	0.36	-0.312161	-0.435249	-0.035943	0.340422	0.262081	-0.130704
-1.4	1	0.35	-0.322864	-0.429466	-0.0163009	0.34887	0.243948	-0.155599
-1.36	1	0.34	-0.333266	-0.423149	0.00322339	0.356076	0.224808	-0.17932
-1.32	1	0.33	-0.343367	-0.416315	0.0225927	0.362039	0.204761	-0.201744
-1.28	1	0.32	-0.353166	-0.408978	0.0417706	0.366757	0.183909	-0.222754
-1.24	1	0.31	-0.362663	-0.401154	0.0607221	0.370234	0.162355	-0.242248
-1.2	1	0.3	-0.371859	-0.392858	0.079413	0.372476	0.140204	-0.26013
-1.16	1	0.29	-0.380754	-0.384105	0.0978103	0.373493	0.117559	-0.276317
-1.12	1	0.28	-0.389347	-0.374911	0.115882	0.373297	0.0945236	-0.290738
-1.08	1	0.27	-0.397638	-0.36529	0.133598	0.371904	0.0712014	-0.30333
-1.04	1	0.26	-0.405628	-0.355258	0.150927	0.369332	0.047695	-0.314042
-1	1	0.25	-0.413317	-0.34483	0.167842	0.365602	0.024106	-0.322834
-0.96	1	0.24	-0.420704	-0.334022	0.184314	0.360736	0.000534519	-0.329676
-0.92	1	0.23	-0.427789	-0.322848	0.200317	0.354762	-0.0229208	-0.334551
-0.88	1	0.22	-0.434573	-0.311323	0.215826	0.347706	-0.0461633	-0.33745
-0.84	1	0.21	-0.441055	-0.299464	0.230817	0.339601	-0.0690985	-0.338374
-0.8	1	0.2	-0.447236	-0.287285	0.245265	0.330479	-0.0916345	-0.337337
-0.76	1	0.19	-0.453116	-0.274801	0.259149	0.320374	-0.113682	-0.334361
-0.72	1	0.18	-0.458693	-0.262028	0.272448	0.309323	-0.135154	-0.329478
-0.68	1	0.17	-0.46397	-0.248981	0.285142	0.297365	-0.155967	-0.322729
-0.64	1	0.16	-0.468945	-0.235675	0.297212	0.284542	-0.176042	-0.314164
-0.6	1	0.15	-0.473618	-0.222126	0.308639	0.270894	-0.195302	-0.303842
-0.56	1	0.14	-0.47799	-0.208348	0.319408	0.256465	-0.213674	-0.291832
-0.52	1	0.13	-0.48206	-0.194357	0.329503	0.241302	-0.23109	-0.278207
-0.48	1	0.12	-0.485829	-0.180168	0.338908	0.22545	-0.247484	-0.263052
-0.44	1	0.11	-0.489296	-0.165796	0.34761	0.208958	-0.262795	-0.246455
-0.4	1	0.1	-0.492462	-0.151256	0.355598	0.191875	-0.276969	-0.228513
-0.36	1	0.09	-0.495327	-0.136565	0.362859	0.174251	-0.289951	-0.209329
-0.32	1	0.08	-0.497889	-0.121736	0.369383	0.156137	-0.301696	-0.18901
-0.28	1	0.07	-0.500151	-0.106785	0.375162	0.137586	-0.312161	-0.16767
-0.24	1	0.06	-0.502111	-0.0917283	0.380186	0.11865	-0.321307	-0.145425
-0.2	1	0.05	-0.503769	-0.0765799	0.384449	0.0993836	-0.329103	-0.122399
-0.16	1	0.04	-0.505126	-0.0613553	0.387945	0.0798402	-0.33552	-0.0987154
-0.12	1	0.03	-0.506181	-0.0460697	0.39067	0.0600749	-0.340534	-0.0745027
-0.08	1	0.02	-0.506935	-0.0307385	0.392618	0.0401427	-0.344129	-0.049891
-0.04	1	0.01	-0.507387	-0.0153769	0.393789	0.0200992	-0.346291	-0.0250124
0	1	-3.42457e-17	-0.507538	-1.79596e-16	0.394179	3.20025e-16	-0.347012	-1.0934e-16
0.04	1	-0.01	-0.507387	0.0153769	0.393789	-0.0200992	-0.346291	0.0250124
0.08	1	-0.02	-0.506935	0.0307385	0.392618	-0.0401427	-0.344129	0.049891
0.12	1	-0.03	-0.506181	0.0460697	0.39067	-0.0600749	-0.340534	0.0745027
0.16	1	-0.04	-0.505126	0.0613553	0.387945	-0.0798402	-0.33552	0.0987154
0.2	1	-0.05	-0.503769	0.0765799	0.384449	-0.0993836	-0.329103	0.122399
0.24	1	-0.06	-0.502111	0.0917283	0.380186	-0.11865	-0.321307	0.145425
0.28	1	-0.07	-0.500151	0.106785	0.375162	-0.137586	-0.312161	0.16767
0.32	1	-0.08	-0.497889	0.121736	0.369383	-0.156137	-0.301696	0.18901
0.36	1	-0.09	-0.495327	0.136565	0.362859	-0.174251	-0.289951	0.209329
0.4	1	-0.1	-0.492462	0.151256	0.355598	-0.191875	-0.276969	0.228513
0.44	1	-0.11	-0.489296	0.165796	0.34761	-0.208958	-0.262795	0.246455
0.48	1	-0.12	-0.485829	0.180168	0.338908	-0.22545	-0.247484	0.263052
0.52	1	-0.13	-0.48206	0.194357	0.329503	-0.241302	-0.23109	0.278207
0.56	1	-0.14	-0.47799	0.208348	0.319408	-0.256465	-0.213674	0.291832
0.6	1	-0.15	-0.473618	0.222126	0.308639	-0.270894	-0.195302	0.303842
0.64	1	-0.16	-0.468945	0.235675	0.297212	-0.284542	-0.176042	0.314164
0.68	1	-0.17	-0.46397	0.248981	0.285142	-0.297365	-0.155967	0.322729
0.72	1	-0.18	-0.458693	0.262028	0.272448	-0.309323	-0.135154	0.329478
0.76	1	-0.19	-0.453116	0.274801	0.259149	-0.320374	-0.113682	0.334361
0.8	1	-0.2	-0.447236	0.287285	0.245265	-0.330479	-0.0916345	0.337337
0.84	1	-0.21	-0.441055	0.299464	0.230817	-0.339601	-0.0690985	0.338374
0.88	1	-0.22	-0.434573	0.311323	0.215826	-0.347706	-0.0461633	0.33745
0.92	1	-0.23	-0.427789	0.322848	0.200317	-0.354762	-0.0229208	0.334551
0.96	1	-0.24	-0.420704	0.334022	0.184314	-0.360736	0.000534519	0.329676
1	1	-0.25	-0.413317	0.34483	0.167842	-0.365602	0.024106	0.322834
1.04	1	-0.26	-0.405628	0.355258	0.150927	-0.369332	0.047695	0.314042
1.08	1	-0.27	-0.397638	0.36529	0.133598	-0.371904	0.0712014	0.30333
1.12	1	-0.28	-0.389347	0.374911	0.115882	-0.373297	0.0945236	0.290738
1.16	1	-0.29	-0.380754	0.384105	0.0978103	-0.373493	0.117559	0.276317
1.2	1	-0.3	-0.371859	0.392858	0.079413	-0.372476	0.140204	0.26013
1.24	1	-0.31	-0.362663	0.401154	0.0607221	-0.370234	0.162355	0.242248
1.28	1	-0.32	-0.353166	0.408978	0.0417706	-0.366757	0.183909	0.222754
1.32	1	-0.33	-0.343367	0.416315	0.0225927	-0.362039	0.204761	0.201744
1.36	1	-0.34	-0.333266	0.423149	0.00322339	-0.356076	0.224808	0.17932
1.4	1	-0.35	-0.322864	0.429466	-0.0163009	-0.34887	0.243948	0.155599
1.44	1	-0.36	-0.312161	0.435249	-0.035943	-0.340422	0.262081	0.130704
1.48	1	-0.37	-0.301156	0.440484	-0.0556643	-0.330739	0.279108	0.104769
1.52	1	-0.38	-0.289849	0.445156	-0.0754255	-0.319834	0.294931	0.0779393
1.56	1	-0.39	-0.278241	0.449249	-0.0951859	-0.307718	0.309456	0.0503664
1.6	1	-0.4	-0.266332	0.452749	-0.114904	-0.294411	0.322592	0.0222113
1.64	1	-0.41	-0.254121	0.455639	-0.134537	-0.279934	0.334251	-0.00635707
1.68	1	-0.42	-0.241608	0.457905	-0.15404	-0.264314	0.344348	-0.0351625
1.72	1	-0.43	-0.228794	0.459531	-0.17337	-0.247578	0.352804	-0.0640223
1.76	1	-0.44	-0.215678	0.460503	-0.19248	-0.229763	0.359543	-0.0927477
1.8	1	-0.45	-0.202261	0.460804	-0.211323	-0.210906	0.364495	-0.121145
1.84	1	-0.46	-0.188543	0.46042	-0.229851	-0.191049	0.367597	-0.149015
1.88	1	-0.47	-0.174523	0.459336	-0.248014	-0.17024	0.368789	-0.176157
1.92	1	-0.48	-0.160201	0.457536	-0.265763	-0.148531	0.368021	-0.202367
1.96	1	-0.49	-0.145578	0.455005	-0.283046	-0.125978	0.365249	-0.227439
2	1	-0.5	-0.130653	0.451728	-0.29981	-0.102641	0.360435	-0.251168
2.04	1	-0.51	-0.115427	0.44769	-0.316002	-0.0785881	0.353553	-0.273347
2.08	1	-0.52	-0.0998995	0.442875	-0.331567	-0.0538889	0.344583	-0.293775
2.12	1	-0.53	-0.0840704	0.437268	-0.346449	-0.0286198	0.333516	-0.312252
2.16	1	-0.54	-0.0679397	0.430854	-0.360592	-0.00286203	0.320351	-0.328584
2.2	1	-0.55	-0.0515075	0.423618	-0.373938	0.023298	0.305099	-0.342583
2.24	1	-0.56	-0.0347739	0.415544	-0.386428	0.0497683	0.287783	-0.354068
2.28	1	-0.57	-0.0177387	0.406618	-0.398001	0.0764517	0.268437	-0.362869
2.32	1	-0.58	-0.00040201	0.396824	-0.408597	0.103245	0.247106	-0.368827
2.36	1	-0.59	0.0172362	0.386146	-0.418154	0.13004	0.223851	-0.371795
2.4	1	-0.6	0.0351759	0.37457	-0.426607	0.156723	0.198745	-0.371643
2.44	1	-0.61	0.0534171	0.36208	-0.433893	0.183172	0.171874	-0.368256
2.48	1	-0.62	0.0719598	0.348661	-0.439946	0.209263	0.143342	-0.36154
2.52	1	-0.63	0.090804	0.334299	-0.4447	0.234862	0.113267	-0.351421
2.56	1	-0.64	0.10995	0.318977	-0.448087	0.259832	0.0817832	-0.337848
2.6	1	-0.65	0.129397	0.30268	-0.450038	0.284027	0.0490429	-0.320798
2.64	1	-0.66	0.149146	0.285394	-0.450483	0.307297	0.0152154	-0.300275
2.68	1	-0.67	0.169196	0.267102	-0.449353	0.329485	-0.019511	-0.276312
2.72	1	-0.68	0.189548	0.24779	-0.446573	0.350426	-0.0549289	-0.24898
2.76	1	-0.69	0.210201	0.227443	-0.442073	0.36995	-0.090811	-0.218382
2.8	1	-0.7	0.231156	0.206045	-0.435776	0.387879	-0.126909	-0.184662
2.84	1	-0.71	0.252412	0.183582	-0.427609	0.404029	-0.162953	-0.148006
2.88	1	-0.72	0.27397	0.160037	-0.417495	0.418208	-0.198651	-0.108645
2.92	1	-0.73	0.295829	0.135395	-0.405357	0.430219	-0.233688	-0.066858
2.96	1	-0.74	0.31799	0.109642	-0.391116	0.439857	-0.267724	-0.0229752
3	1	-0.75	0.340452	0.0827623	-0.374692	0.446907	-0.300397	0.0226177
3.04	1	-0.76	0.363216	0.0547404	-0.356005	0.451151	-0.331315	0.0694771
3.08	1	-0.77	0.386281	0.0255611	-0.334974	0.45236	-0.360065	0.117097
3.12	1	-0.78	0.409648	-0.00479062	-0.311514	0.450301	-0.386202	0.164907
3.16	1	-0.79	0.433317	-0.0363301	-0.285544	0.444729	-0.409255	0.212266
3.2	1	-0.8	0.457286	-0.0690726	-0.256977	0.435394	-0.428725	0.258459
3.24	1	-0.81	0.481558	-0.103033	-0.225728	0.422039	-0.444081	0.302696
3.28	1	-0.82	0.506131	-0.138228	-0.191709	0.404397	-0.454762	0.344103
3.32	1	-0.83	0.531005	-0.17467	-0.154833	0.382194	-0.460178	0.381722
3.36	1	-0.84	0.556181	-0.212377	-0.115009	0.355146	-0.459701	0.414504
3.4	1	-0.85	0.581658	-0.251363	-0.0721485	0.322964	-0.452675	0.441304
3.44	1	-0.86	0.607437	-0.291643	-0.026159	0.285348	-0.438406	0.460879
3.48	1	-0.87	0.633518	-0.333233	0.0230518	0.241992	-0.416167	0.471882
3.52	1	-0.88	0.659899	-0.376147	0.0755775	0.192578	-0.385192	0.472856
3.56	1	-0.89	0.686583	-0.420402	0.131513	0.136782	-0.344681	0.46223
3.6	1	-0.9	0.713568	-0.466012	0.190954	0.0742703	-0.293793	0.438315
3.64	1	-0.91	0.740854	-0.512992	0.253997	0.00470129	-0.231648	0.399294
3.68	1	-0.92	0.768442	-0.561358	0.32074	-0.0722766	-0.157328	0.343223
3.72	1	-0.93	0.796332	-0.611125	0.391282	-0.157024	-0.0698717	0.268022
3.76	1	-0.94	0.824523	-0.662309	0.465724	-0.249909	0.0317244	0.171468
3.8	1	-0.95	0.853015	-0.714923	0.544166	-0.351312	0.148506	0.0511923
3.84	1	-0.96	0.881809	-0.768984	0.62671	-0.461621	0.281565	-0.095327
3.88	1	-0.97	0.910905	-0.824507	0.713461	-0.581232	0.432037	-0.270772
3.92	1	-0.98	0.940302	-0.881508	0.804523	-0.710553	0.601106	-0.47799
3.96	1	-0.99	0.97	-0.94	0.9	-0.85	0.79	-0.72
4	1	-1	1	-1	1	-1	1	-1
