5.765949233557857
7.8285257622026165
9.317985367186678
9.457494194240034
13.201195234287898
15.055670946440053
15.599265060786848
18.009777743353506
22.571916774703713
22.750169149269258
25.411342318593604
26.708391426014806
27.481593416382836
29.836003031959383
31.761838504970637
33.630755297729166
37.690053620723035
38.57140142818507
40.89809140046064
42.82708162448291
43.33430923330313
48.7125060592024
49.86331901162755
52.83356449089359
54.4820788078086
56.45284227716199
57.76716296611951
57.79716901869591
59.3963113100281
62.34878574611648
65.67352487596827
67.35187300217063
69.12457471708748
71.99505140349032
72.51888121874232
76.83299655432648
75.11743691281156
80.91222720967055
82.53103558814578
84.33036432557965
84.5181289879997
87.5418091034381
90.39761574164503
91.93209996616218
93.36662546050898
93.15101921843802
95.38366272881224
97.53645761314225
101.11341874345898
101.8791279073964
