26.06264077447657
27.949252536130068
29.70148146410607
30.519926631082786
31.354433024363583
35.397624054925885
38.79512747861103
39.07419368374486
42.451157833376094
43.36439350389986
44.62383294464557
48.11812014925506
49.9203461137014
51.29370755396981
51.467815997107735
54.080778092780136
55.57676794272413
57.765644714396785
61.16466996633227
63.4781081509082
64.1114645908031
66.60587139557914
68.1452657095503
70.36240821903044
72.34314747463095
73.8250682902687
75.42777947711701
77.70372134294436
79.33438372829094
82.25950717731081
83.22201192126495
88.61705843372039
87.33576716650751
91.77795338568612
92.65458255896709
96.8970514716445
95.97906770429182
100.64553638367123
101.52973604586512
101.97635925881622
106.36692985991029
106.9420775237359
108.88402647348275
110.68532212918024
114.12839655307087
114.49505072194145
115.90674679266552
119.64279580350265
119.19916128011646
123.58319172495263
