28.69502192426705
31.90425189774781
34.01505228522667
37.833911505775845
38.740503418040504
39.560332289180074
40.529832781839886
43.851433229476854
47.99230671536683
47.02167834781333
48.97830977960475
52.82059561641725
53.26976449107221
56.802314839819
59.3255023463492
60.13587034033093
63.20151434860757
63.676660711401006
65.8057719944054
68.34581682012106
70.04550030564674
72.2074150345279
74.14460988040427
76.06629194900684
76.93589387826631
79.07020580008694
81.72847359553714
83.37005301096931
86.30774582933986
89.76205176312527
90.11864521017912
93.07320839574572
94.94085573408005
96.51386559786383
97.5253857969532
101.12772662132923
101.04449097178235
102.38819168986254
104.57451125931888
106.49480305351052
111.2073399153562
113.57934732394075
113.12132505241038
116.1113372937363
118.29649959860913
121.13852567473234
123.13173294558015
123.7962671461255
124.85069644349089
128.1084311569388
