-1.7277816683102944
2.890885834030829
2.8360503154414305
4.012137184174449
6.056504548216051
11.873869655478245
13.587077165438128
13.62761986024518
17.38518187825982
16.38709972050331
21.71423170068327
23.59539357901232
24.508369858732397
27.817797322497473
27.37992390524163
28.577493657820558
32.19863609102329
33.15529945940568
37.978648559883545
37.30431086514781
41.44284992441713
42.661551839468494
43.50569116552297
47.867600848876066
47.812488229672745
51.79656534924857
52.07005763998618
54.37330733501607
57.2321256036353
59.17278847258322
58.912397475516244
63.215377733007784
64.06290999232222
65.95201609578342
68.38025862054796
68.02531352906048
71.30959070209161
74.33331120546865
76.03288983756961
78.35494742852592
78.43972656973239
81.87088338357614
85.89380189239093
84.69149124797418
87.49829512989325
88.59081618307344
93.76774355589735
93.89625664987422
95.41280615085407
96.69499280135992
