9.512333234706233
11.068901186386155
15.54362961095007
15.54230163550834
18.064297701790547
19.890897847499787
21.347372252835562
24.945691697275457
24.58716548486928
27.81679671940213
30.110103133257088
30.470343248978367
34.71189237075443
35.92934328501838
37.186333315351945
39.69094107745134
42.14749007758047
44.7444827742167
46.55682584883003
47.607142572941015
51.69502351176802
53.14479360163955
53.66863075036279
57.085327409582604
58.759371625955445
59.26434940938143
61.574705637586455
64.06916518937466
67.75084699479541
66.28589617765493
70.51360191034631
72.86527265701828
74.35560999390513
76.4031642594637
79.70917847380703
78.52176223304313
80.11120073282494
84.00969492281628
87.6054913111827
86.93954515867584
89.75684858963693
91.1805976662587
95.61392212186279
94.82107520537932
98.82575016086994
98.94981715576324
101.7447410217182
102.62727632701682
105.012606411902
107.33544057498924
