18.405794946488776
20.783483673298154
22.43508833396491
27.680164139291232
28.22312830077644
30.85819360952954
30.763314472681042
33.84973497016336
36.988602906266436
36.11967913626684
38.07630630512928
42.046983142956805
42.40203270323784
45.1139049575535
46.725121618056775
49.703601132398774
52.69466283329205
54.899900344709394
56.514644298550344
58.49563747568081
60.72320995462578
62.60433822884531
62.89300860531266
67.06570746641971
67.30877261412938
68.39847787593895
71.18939853306519
72.47880296475915
74.47142256275394
76.79349711717236
79.86649864244838
82.22620832936224
82.01779202860415
85.38102855860042
88.85277348024563
88.5545301394656
91.45172550688962
93.31193854379522
94.51576726861066
99.17515130128076
101.20326627050888
101.8337339315944
103.13730138482549
107.88084480298733
109.55145539716803
109.00535815257008
110.7879541976067
114.2521584207439
114.77427400193606
119.02160723623231
