1
1
0.9996
0.9988
0.997601
0.996002
0.994006
0.991611
0.98882
0.985634
0.982053
0.978079
0.973714
0.96896
0.963818
0.95829
0.95238
0.946088
0.939418
0.932372
0.924953
0.917164
0.909008
0.900489
0.891609
0.882373
0.872784
0.862846
0.852562
0.841938
0.830977
0.819683
0.808062
0.796117
0.783854
0.771277
0.758392
0.745204
0.731717
0.717938
0.703871
0.689523
0.674899
0.660006
0.644848
0.629432
0.613764
0.597851
0.581699
0.565314
0.548704
0.531873
0.51483
0.497581
0.480133
0.462492
0.444667
0.426664
0.40849
0.390153
0.37166
0.353018
0.334235
0.315318
0.296275
0.277114
0.257842
0.238466
0.218996
0.199437
0.179799
0.160089
0.140315
0.120485
0.100606
0.0806877
0.0607368
0.0407616
0.02077
0.000770197
-0.01923
-0.0392224
-0.0591992
-0.0791523
-0.0990737
-0.118955
-0.13879
-0.158568
-0.178284
-0.197928
-0.217492
-0.23697
-0.256353
-0.275634
-0.294804
-0.313856
-0.332783
-0.351577
-0.37023
-0.388734
-0.407084
-0.42527
-0.443287
-0.461126
-0.478781
-0.496244
-0.513509
-0.530568
-0.547415
-0.564043
-0.580446
-0.596616
-0.612548
-0.628234
-0.64367
-0.658847
-0.673762
-0.688407
-0.702776
-0.716864
-0.730666
-0.744175
-0.757387
-0.770296
-0.782896
-0.795184
-0.807153
-0.8188
-0.830119
-0.841106
-0.851756
-0.862066
-0.872031
-0.881647
-0.890911
-0.899818
-0.908365
-0.916549
-0.924366
-0.931814
-0.938888
-0.945588
-0.951909
-0.957849
-0.963406
-0.968578
-0.973362
-0.977757
-0.981761
-0.985372
-0.988589
-0.99141
-0.993835
-0.995863
-0.997492
-0.998722
-0.999553
-0.999983
-1.00001
-0.999645
-0.998876
-0.997707
-0.99614
-0.994174
-0.99181
-0.989049
-0.985893
-0.982342
-0.978399
-0.974064
-0.96934
-0.964228
-0.95873
-0.952848
-0.946586
-0.939945
-0.932928
-0.925537
-0.917777
-0.909649
-0.901158
-0.892306
-0.883097
-0.873535
-0.863623
-0.853367
-0.842768
-0.831833
-0.820565
-0.808968
-0.797048
-0.78481
-0.772257
-0.759395
-0.74623
-0.732766
-0.719009
-0.704965
-0.690638
-0.676035
-0.661162
-0.646024
-0.630628
-0.61498
-0.599086
-0.582952
-0.566584
-0.549991
-0.533177
-0.51615
-0.498916
-0.481483
-0.463858
-0.446046
-0.428057
-0.409896
-0.391571
-0.37309
-0.354459
-0.335687
-0.31678
-0.297746
-0.278594
-0.25933
-0.239962
-0.220498
-0.200947
-0.181314
-0.161609
-0.14184
-0.122014
-0.102139
-0.082223
-0.0622743
-0.0423006
-0.0223101
-0.00231059
0.0176898
0.0376832
0.0576614
0.0776166
0.0975408
0.117426
0.137264
0.157047
0.176768
0.196417
0.215989
0.235473
0.254864
0.274153
0.293332
0.312393
0.33133
0.350134
0.368798
0.387315
0.405676
0.423876
0.441906
0.459759
0.477428
0.494906
0.512186
0.529262
0.546125
0.56277
0.579191
0.595379
0.611329
0.627035
0.64249
0.657688
0.672623
0.687288
0.701679
0.71579
0.729613
0.743146
0.75638
0.769313
0.781937
0.794249
0.806243
0.817914
0.829259
0.840271
0.850948
0.861284
0.871276
0.880919
0.89021
0.899145
0.90772
0.915932
0.923777
0.931253
0.938357
0.945085
0.951435
0.957405
0.962992
0.968193
0.973007
0.977432
0.981466
0.985108
0.988355
0.991207
0.993663
0.995721
0.997381
0.998641
0.999503
0.999964
1.00003
0.999688
0.998949
0.997812
0.996275
0.994339
0.992006
0.989276
0.98615
0.98263
0.978717
0.974412
0.969717
0.964635
0.959167
0.953315
0.947082
0.94047
0.933481
0.92612
0.918388
0.910288
0.901825
0.893
0.883819
0.874284
0.864399
0.854169
0.843596
0.832687
0.821444
0.809873
0.797978
0.785763
0.773235
0.760397
0.747255
0.733813
0.720079
0.706056
0.691751
0.67717
0.662317
0.647199
0.631823
0.616194
0.600318
0.584203
0.567853
0.551277
0.534479
0.517469
0.500251
0.482833
0.465222
0.447425
0.429448
0.4113
0.392988
0.374518
0.355899
0.337137
0.31824
0.299217
0.280073
0.260817
0.241457
0.222001
0.202455
0.182829
0.163129
0.143365
0.123543
0.103671
0.0837581
0.0638116
0.0438396
0.0238501
0.00385098
-0.0161496
-0.0361438
-0.0561235
-0.0760808
-0.0960076
-0.115896
-0.135738
-0.155526
-0.175251
-0.194907
-0.214484
-0.233976
-0.253374
-0.272671
-0.291859
-0.31093
-0.329876
-0.348691
-0.367366
-0.385894
-0.404268
-0.42248
-0.440523
-0.45839
-0.476074
-0.493567
-0.510863
-0.527954
-0.544834
-0.561496
-0.577934
-0.594141
-0.610109
-0.625834
-0.641309
-0.656527
-0.671482
-0.686169
-0.700581
-0.714713
-0.728559
-0.742114
-0.755372
-0.768327
-0.780976
-0.793312
-0.805331
-0.817027
-0.828397
-0.839435
-0.850138
-0.8605
-0.870519
-0.880189
-0.889507
-0.898469
-0.907072
-0.915312
-0.923186
-0.930691
-0.937823
-0.94458
-0.95096
-0.956959
-0.962575
-0.967806
-0.97265
-0.977105
-0.981169
-0.984841
-0.988119
-0.991002
-0.993488
-0.995576
-0.997267
-0.998559
-0.999451
-0.999943
-1.00004
-0.999728
-0.99902
-0.997913
-0.996407
-0.994502
-0.9922
-0.9895
-0.986405
-0.982915
-0.979032
-0.974757
-0.970093
-0.96504
-0.959602
-0.953779
-0.947575
-0.940992
-0.934033
-0.9267
-0.918996
-0.910925
-0.902489
-0.893693
-0.884539
-0.875031
-0.865173
-0.854969
-0.844423
-0.833539
-0.822322
-0.810776
-0.798905
-0.786715
-0.774211
-0.761396
-0.748277
-0.734859
-0.721147
-0.707146
-0.692863
-0.678302
-0.66347
-0.648373
-0.633016
-0.617406
-0.60155
-0.585452
-0.56912
-0.552561
-0.535781
-0.518786
-0.501584
-0.484181
-0.466585
-0.448802
-0.430839
-0.412704
-0.394404
-0.375946
-0.357338
-0.338587
-0.3197
-0.300686
-0.281551
-0.262304
-0.242952
-0.223502
-0.203964
-0.184343
-0.164649
-0.144889
-0.125071
-0.105203
-0.085293
-0.0653488
-0.0453785
-0.02539
-0.00539136
0.0146094
0.0346044
0.0545855
0.0745447
0.0944742
0.114366
0.134212
0.154004
0.173735
0.193396
0.21298
0.232478
0.251884
0.271189
0.290385
0.309465
0.328422
0.347247
0.365933
0.384473
0.402859
0.421083
0.43914
0.457021
0.474719
0.492227
0.509538
0.526645
0.543542
0.560221
0.576676
0.592901
0.608888
0.624632
0.640126
0.655364
0.67034
0.685047
0.699481
0.713635
0.727503
0.74108
0.754361
0.767341
0.780013
0.792373
0.804416
0.816138
0.827533
0.838597
0.849326
0.859714
0.869759
0.879457
0.888802
0.897792
0.906422
0.91469
0.922593
0.930126
0.937287
0.944073
0.950482
0.95651
0.962156
0.967417
0.972291
0.976776
0.98087
0.984572
0.987881
0.990794
0.99331
0.99543
0.997151
0.998473
0.999396
0.999919
1.00004
0.999766
0.999089
0.998013
0.996537
0.994663
0.992391
0.989722
0.986657
0.983198
0.979345
0.9751
0.970466
0.965443
0.960034
0.954241
0.948067
0.941513
0.934582
0.927278
0.919603
0.91156
0.903152
0.894383
0.885256
0.875775
0.865944
0.855767
0.845247
0.834389
0.823197
0.811676
0.799831
0.787665
0.775185
0.762394
0.749298
0.735903
0.722213
0.708235
0.693973
0.679433
0.664622
0.649545
0.634208
0.618617
0.602779
0.5867
0.570386
0.553844
0.537081
0.520102
0.502916
0.485528
0.467947
0.450178
0.432229
0.414107
0.395819
0.377373
0.358776
0.340036
0.32116
0.302155
0.283029
0.26379
0.244446
0.225004
0.205471
0.185857
0.166168
0.146413
0.126599
0.106735
0.0868277
0.0668858
0.0469172
0.0269299
0.00693172
-0.0130692
-0.0330649
-0.0530473
-0.0730085
-0.0929406
-0.112835
-0.132685
-0.152482
-0.172217
-0.191884
-0.211474
-0.23098
-0.250393
-0.269706
-0.288911
-0.308
-0.326966
-0.345802
-0.364499
-0.38305
-0.401448
-0.419686
-0.437755
-0.45565
-0.473362
-0.490885
-0.508212
-0.525335
-0.542248
-0.558944
-0.575417
-0.59166
-0.607666
-0.623428
-0.638942
-0.6542
-0.669196
-0.683924
-0.698379
-0.712555
-0.726445
-0.740045
-0.753349
-0.766352
-0.779048
-0.791432
-0.8035
-0.815247
-0.826667
-0.837757
-0.848511
-0.858927
-0.868998
-0.878722
-0.888095
-0.897112
-0.905771
-0.914067
-0.921997
-0.929559
-0.936749
-0.943564
-0.950002
-0.95606
-0.961735
-0.967026
-0.971929
-0.976445
-0.980569
-0.984301
-0.98764
-0.990583
-0.993131
-0.995281
-0.997033
-0.998386
-0.999339
-0.999893
-1.00005
-0.999801
-0.999155
-0.99811
-0.996665
-0.994822
-0.99258
-0.989942
-0.986907
-0.983478
-0.979656
-0.975441
-0.970837
-0.965844
-0.960464
-0.954701
-0.948556
-0.942031
-0.935129
-0.927854
-0.920207
-0.912192
-0.903812
-0.895071
-0.885972
-0.876518
-0.866714
-0.856563
-0.846069
-0.835237
-0.824071
-0.812575
-0.800755
-0.788614
-0.776157
-0.76339
-0.750318
-0.736945
-0.723278
-0.709321
-0.695081
-0.680563
-0.665772
-0.650715
-0.635398
-0.619827
-0.604008
-0.587947
-0.571651
-0.555126
-0.53838
-0.521417
-0.504247
-0.486875
-0.469307
-0.451553
-0.433617
-0.415508
-0.397233
-0.378799
-0.360214
-0.341484
-0.322618
-0.303623
-0.284506
-0.265276
-0.245939
-0.226504
-0.206979
-0.18737
-0.167687
-0.147937
-0.128127
-0.108266
-0.0883621
-0.0684227
-0.0484559
-0.0284697
-0.00847207
0.0115289
0.0315253
0.051509
0.0714722
0.0914067
0.111305
0.131158
0.150959
0.1707
0.190372
0.209968
0.229481
0.248901
0.268222
0.287435
0.306534
0.32551
0.344356
0.363064
0.381627
0.400037
0.418287
0.43637
0.454278
0.472005
0.489542
0.506884
0.524024
0.540953
0.557666
0.574157
0.590417
0.606441
0.622223
0.637756
0.653034
0.66805
0.6828
0.697276
0.711473
0.725386
0.739008
0.752335
0.765361
0.778081
0.79049
0.802582
0.814354
0.825799
0.836915
0.847695
0.858137
0.868235
0.877986
0.887385
0.89643
0.905117
0.913441
0.921399
0.92899
0.936208
0.943053
0.949519
0.955607
0.961311
0.966632
0.971566
0.976111
0.980265
0.984028
0.987397
0.990371
0.992949
0.995129
0.996912
0.998296
0.99928
0.999865
1.00005
0.999835
0.999219
0.998205
0.996791
0.994978
0.992767
0.990159
0.987155
0.983756
0.979964
0.97578
0.971205
0.966242
0.960892
0.955158
0.949042
0.942547
0.935674
0.928427
0.920809
0.912822
0.904471
0.895757
0.886685
0.877259
0.867481
0.857357
0.846889
0.836083
0.824943
0.813472
0.801676
0.78956
0.777127
0.764384
0.751335
0.737986
0.724341
0.710406
0.696188
0.681691
0.666921
0.651884
0.636587
0.621035
0.605235
0.589192
0.572914
0.556407
0.539677
0.522731
0.505577
0.488219
0.470667
0.452927
0.435005
0.416909
0.398646
0.380224
0.36165
0.342932
0.324076
0.30509
0.285983
0.266761
0.247432
0.228004
0.208485
0.188883
0.169205
0.14946
0.129655
0.109797
0.0898964
0.0699594
0.0499944
0.0300094
0.0100124
-0.0099886
-0.0299856
-0.0499706
-0.0699356
-0.0898727
-0.109774
-0.129631
-0.149436
-0.169182
-0.18886
-0.208462
-0.227981
-0.247409
-0.266738
-0.28596
-0.305067
-0.324053
-0.342909
-0.361628
-0.380202
-0.398625
-0.416887
-0.434983
-0.452905
-0.470646
-0.488199
-0.505556
-0.522711
-0.539657
-0.556387
-0.572895
-0.589173
-0.605216
-0.621016
-0.636569
-0.651866
-0.666903
-0.681673
-0.696171
-0.71039
-0.724324
-0.73797
-0.751319
-0.764369
-0.777112
-0.789545
-0.801662
-0.813458
-0.824929
-0.83607
-0.846877
-0.857345
-0.867469
-0.877247
-0.886674
-0.895746
-0.90446
-0.912813
-0.9208
-0.928418
-0.935666
-0.942539
-0.949035
-0.955151
-0.960886
-0.966236
-0.971199
-0.975774
-0.979959
-0.983752
-0.987151
-0.990156
-0.992764
-0.994975
-0.996789
-0.998203
-0.999218
-0.999834
-1.00005
-0.999865
-0.999281
-0.998297
-0.996914
-0.995132
-0.992951
-0.990374
-0.987401
-0.984032
-0.98027
-0.976116
-0.971571
-0.966638
-0.961318
-0.955614
-0.949527
-0.94306
-0.936217
-0.928999
-0.921409
-0.91345
-0.905127
-0.896441
-0.887396
-0.877997
-0.868247
-0.858149
-0.847708
-0.836928
-0.825813
-0.814367
-0.802596
-0.790504
-0.778096
-0.765377
-0.752351
-0.739024
-0.725402
-0.71149
-0.697293
-0.682817
-0.668068
-0.653052
-0.637774
-0.622242
-0.60646
-0.590436
-0.574176
-0.557686
-0.540973
-0.524044
-0.506905
-0.489563
-0.472026
-0.454299
-0.436391
-0.418309
-0.400059
-0.381649
-0.363086
-0.344378
-0.325533
-0.306557
-0.287458
-0.268245
-0.248924
-0.229504
-0.209992
-0.190396
-0.170723
-0.150983
-0.131182
-0.111328
-0.0914304
-0.0714959
-0.0515328
-0.0315491
-0.0115527
0.00844827
0.0284459
0.0484321
0.0683989
0.0883384
0.108243
0.128103
0.147913
0.167663
0.187347
0.206955
0.226481
0.245916
0.265253
0.284483
0.3036
0.322596
0.341462
0.360192
0.378777
0.397211
0.415487
0.433596
0.451531
0.469286
0.486854
0.504226
0.521397
0.53836
0.555106
0.571631
0.587928
0.603989
0.619808
0.63538
0.650697
0.665755
0.680545
0.695064
0.709305
0.723262
0.736929
0.750302
0.763375
0.776142
0.788599
0.80074
0.812561
0.824058
0.835224
0.846057
0.856551
0.866702
0.876507
0.885961
0.89506
0.903802
0.912182
0.920198
0.927845
0.935121
0.942023
0.948548
0.954694
0.960458
0.965838
0.970831
0.975436
0.979651
0.983474
0.986904
0.989938
0.992577
0.994819
0.996663
0.998108
0.999154
0.999801
1.00005
0.999894
0.99934
0.998387
0.997034
0.995283
0.993133
0.990587
0.987644
0.984305
0.980574
0.97645
0.971935
0.967032
0.961741
0.956067
0.950009
0.943572
0.936757
0.929568
0.922006
0.914076
0.905781
0.897123
0.888106
0.878734
0.86901
0.858939
0.848524
0.83777
0.82668
0.81526
0.803514
0.791447
0.779063
0.766367
0.753365
0.740061
0.726462
0.712571
0.698396
0.683942
0.669213
0.654218
0.63896
0.623447
0.607684
0.591679
0.575437
0.558964
0.542268
0.525355
0.508232
0.490906
0.473383
0.455671
0.437777
0.419707
0.40147
0.383072
0.364521
0.345824
0.326989
0.308023
0.288933
0.269728
0.250416
0.231003
0.211497
0.191908
0.172241
0.152505
0.132709
0.112859
0.0929643
0.0730323
0.0530711
0.0330887
0.013093
-0.00690792
-0.0269061
-0.0468934
-0.0668621
-0.0868039
-0.106711
-0.126576
-0.146389
-0.166145
-0.185834
-0.205448
-0.22498
-0.244423
-0.263767
-0.283006
-0.302132
-0.321137
-0.340014
-0.358754
-0.377351
-0.395797
-0.414085
-0.432207
-0.450156
-0.467926
-0.485508
-0.502895
-0.520082
-0.537061
-0.553825
-0.570367
-0.586681
-0.60276
-0.618599
-0.63419
-0.649527
-0.664604
-0.679416
-0.693956
-0.708218
-0.722197
-0.735887
-0.749283
-0.762379
-0.77517
-0.787651
-0.799817
-0.811663
-0.823184
-0.834376
-0.845234
-0.855754
-0.865932
-0.875764
-0.885245
-0.894372
-0.903142
-0.91155
-0.919593
-0.927269
-0.934574
-0.941505
-0.948059
-0.954234
-0.960027
-0.965437
-0.97046
-0.975095
-0.97934
-0.983193
-0.986653
-0.989719
-0.992388
-0.994661
-0.996535
-0.998011
-0.999088
-0.999765
-1.00004
-0.99992
-0.999397
-0.998475
-0.997153
-0.995432
-0.993313
-0.990797
-0.987884
-0.984577
-0.980875
-0.976781
-0.972297
-0.967423
-0.962163
-0.956517
-0.950489
-0.944081
-0.937295
-0.930135
-0.922602
-0.9147
-0.906432
-0.897802
-0.888813
-0.879468
-0.869771
-0.859727
-0.849338
-0.83861
-0.827546
-0.816152
-0.80443
-0.792388
-0.780028
-0.767356
-0.754377
-0.741096
-0.727519
-0.713651
-0.699498
-0.685065
-0.670357
-0.655382
-0.640144
-0.624651
-0.608907
-0.59292
-0.576696
-0.560241
-0.543562
-0.526665
-0.509558
-0.492247
-0.474739
-0.457042
-0.439161
-0.421105
-0.40288
-0.384495
-0.365955
-0.347269
-0.328444
-0.309488
-0.290408
-0.271211
-0.251907
-0.232501
-0.213003
-0.193419
-0.173758
-0.154028
-0.134235
-0.11439
-0.0944979
-0.0745685
-0.0546092
-0.0346282
-0.0146332
0.00536756
0.0253662
0.0453547
0.065325
0.0852693
0.105179
0.125047
0.144865
0.164626
0.18432
0.20394
0.223479
0.242929
0.262281
0.281528
0.300663
0.319678
0.338565
0.357316
0.375924
0.394382
0.412682
0.430818
0.44878
0.466564
0.48416
0.501563
0.518766
0.535761
0.552541
0.569101
0.585433
0.601531
0.617388
0.632998
0.648355
0.663452
0.678285
0.692846
0.70713
0.72113
0.734843
0.748262
0.761381
0.774196
0.786701
0.798891
0.810762
0.822308
0.833526
0.84441
0.854956
0.865161
0.875019
0.884527
0.893682
0.902479
0.910915
0.918987
0.926691
0.934024
0.940984
0.947568
0.953772
0.959595
0.965034
0.970087
0.974752
0.979027
0.982911
0.986401
0.989497
0.992197
0.9945
0.996405
0.997912
0.999019
0.999727
1.00004
0.999943
0.999452
0.99856
0.997269
0.995579
0.99349
0.991005
0.988123
0.984845
0.981174
0.97711
0.972656
0.967812
0.962581
0.956966
0.950967
0.944588
0.937831
0.930699
0.923195
0.915322
0.907082
0.89848
0.889518
0.8802
0.87053
0.860512
0.85015
0.839448
0.82841
0.817041
0.805345
0.793326
0.780991
0.768343
0.755387
0.74213
0.728575
0.71473
0.700598
0.686186
0.6715
0.656545
0.641327
0.625853
0.610128
0.59416
0.577954
0.561516
0.544854
0.527974
0.510883
0.493588
0.476095
0.458411
0.440545
0.422502
0.40429
0.385916
0.367388
0.348713
0.329899
0.310952
0.291881
0.272694
0.253397
0.233999
0.214508
0.19493
0.175275
0.155549
0.135762
0.11592
0.0960313
0.0761045
0.0561473
0.0361676
0.0161734
-0.00382718
-0.0238263
-0.0438158
-0.0637879
-0.0837344
-0.103647
-0.123519
-0.143341
-0.163106
-0.182806
-0.202432
-0.221977
-0.241434
-0.260794
-0.28005
-0.299194
-0.318218
-0.337115
-0.355877
-0.374496
-0.392966
-0.411279
-0.429427
-0.447403
-0.465201
-0.482812
-0.50023
-0.517448
-0.534459
-0.551257
-0.567834
-0.584183
-0.600299
-0.616175
-0.631805
-0.647181
-0.662299
-0.677152
-0.691734
-0.706039
-0.720062
-0.733797
-0.747239
-0.760381
-0.77322
-0.785749
-0.797963
-0.809859
-0.821431
-0.832674
-0.843584
-0.854156
-0.864387
-0.874272
-0.883808
-0.89299
-0.901814
-0.910278
-0.918378
-0.926111
-0.933473
-0.940462
-0.947074
-0.953308
-0.95916
-0.964629
-0.969712
-0.974407
-0.978712
-0.982626
-0.986146
-0.989272
-0.992003
-0.994337
-0.996273
-0.99781
-0.998948
-0.999687
-1.00003
-0.999965
-0.999504
-0.998643
-0.997382
-0.995723
-0.993665
-0.99121
-0.988359
-0.985112
-0.981471
-0.977437
-0.973013
-0.968199
-0.962998
-0.957412
-0.951443
-0.945093
-0.938365
-0.931262
-0.923786
-0.915941
-0.90773
-0.899155
-0.890221
-0.88093
-0.871288
-0.861296
-0.850961
-0.840284
-0.829272
-0.817928
-0.806257
-0.794263
-0.781952
-0.769328
-0.756396
-0.743161
-0.72963
-0.715806
-0.701696
-0.687306
-0.67264
-0.657706
-0.642508
-0.627054
-0.611348
-0.595398
-0.57921
-0.56279
-0.546145
-0.529282
-0.512207
-0.494927
-0.477449
-0.45978
-0.441927
-0.423897
-0.405698
-0.387337
-0.36882
-0.350156
-0.331352
-0.312416
-0.293354
-0.274176
-0.254887
-0.235497
-0.216012
-0.196441
-0.176791
-0.157071
-0.137288
-0.11745
-0.0975644
-0.0776403
-0.0576852
-0.0377069
-0.0177136
0.00228679
0.0222863
0.0422769
0.0622505
0.0821993
0.102115
0.12199
0.141816
0.161586
0.181291
0.200923
0.220475
0.239939
0.259307
0.278571
0.297724
0.316757
0.335664
0.354437
0.373068
0.391549
0.409874
0.428035
0.446025
0.463837
0.481462
0.498896
0.516129
0.533157
0.549971
0.566565
0.582932
0.599067
0.614961
0.63061
0.646006
0.661144
0.676018
0.690621
0.704948
0.718993
0.73275
0.746214
0.75938
0.772242
0.784795
0.797034
0.808954
0.820551
0.83182
0.842755
0.853354
0.863611
0.873523
0.883086
0.892295
0.901148
0.909639
0.917767
0.925528
0.932919
0.939937
0.946578
0.952841
0.958723
0.964221
0.969334
0.974059
0.978394
0.982338
0.985889
0.989046
0.991807
0.994171
0.996138
0.997706
0.998875
0.999644
1.00001
0.999984
0.999553
0.998723
0.997494
0.995865
0.993838
0.991413
0.988592
0.985376
0.981765
0.977762
0.973367
0.968584
0.963412
0.957856
0.951916
0.945595
0.938897
0.931822
0.924375
0.916558
0.908375
0.899828
0.890921
0.881658
0.872043
0.862078
0.851769
0.841119
0.830132
0.818813
0.807167
0.795198
0.782911
0.770311
0.757403
0.744191
0.730682
0.716881
0.702793
0.688424
0.673779
0.658865
0.643688
0.628253
0.612566
0.596635
0.580465
0.564063
0.547435
0.530588
0.513529
0.496265
0.478802
0.461147
0.443308
0.425292
0.407106
0.388756
0.370252
0.351599
0.332805
0.313879
0.294827
0.275657
0.256376
0.236993
0.217516
0.197951
0.178307
0.158592
0.138813
0.118979
0.0990974
0.079176
0.0592229
0.0392462
0.0192537
-0.000746397
-0.0207462
-0.0407378
-0.060713
-0.080664
-0.100583
-0.120461
-0.140291
-0.160066
-0.179776
-0.199414
-0.218972
-0.238443
-0.257819
-0.277091
-0.296253
-0.315296
-0.334213
-0.352996
-0.371638
-0.390131
-0.408469
-0.426643
-0.444646
-0.462471
-0.480112
-0.49756
-0.514809
-0.531853
-0.548684
-0.565295
-0.58168
-0.597832
-0.613746
-0.629413
-0.64483
-0.659988
-0.674882
-0.689506
-0.703854
-0.717921
-0.731701
-0.745188
-0.758377
-0.771262
-0.783839
-0.796103
-0.808048
-0.81967
-0.830964
-0.841925
-0.85255
-0.862834
-0.872772
-0.882362
-0.891599
-0.900479
-0.908998
-0.917154
-0.924944
-0.932363
-0.93941
-0.94608
-0.952372
-0.958284
-0.963812
-0.968954
-0.973709
-0.978074
-0.982048
-0.98563
-0.988817
-0.991608
-0.994003
-0.996
-0.997599
-0.998799
-0.999599
-1
-1
-0.999601
-0.998801
-0.997602
-0.996005
-0.994008
-0.991614
-0.988824
-0.985638
-0.982057
-0.978084
-0.97372
-0.968966
-0.963824
-0.958297
-0.952387
-0.946096
-0.939426
-0.93238
-0.924962
-0.917173
-0.909018
-0.900499
-0.89162
-0.882384
-0.872796
-0.862858
-0.852575
-0.841951
-0.83099
-0.819697
-0.808076
-0.796131
-0.783869
-0.771292
-0.758408
-0.745219
-0.731733
-0.717954
-0.703888
-0.68954
-0.674917
-0.660023
-0.644866
-0.62945
-0.613783
-0.597871
-0.581719
-0.565334
-0.548723
-0.531893
-0.51485
-0.497601
-0.480153
-0.462513
-0.444688
-0.426686
-0.408512
-0.390175
-0.371682
-0.35304
-0.334258
-0.315341
-0.296298
-0.277137
-0.257865
-0.23849
-0.219019
-0.199461
-0.179823
-0.160113
-0.140339
-0.120508
-0.10063
-0.0807115
-0.0607606
-0.0407854
-0.0207938
-0.000793998
0.0192062
0.0391986
0.0591754
0.0791285
0.09905
0.118932
0.138766
0.158545
0.17826
0.197904
0.217469
0.236947
0.25633
0.275611
0.294781
0.313834
0.33276
0.351554
0.370207
0.388713
0.407062
0.425249
0.443266
0.461105
0.47876
0.496223
0.513488
0.530548
0.547395
0.564023
0.580426
0.596597
0.612529
0.628216
0.643651
0.65883
0.673744
0.688389
0.702759
0.716848
0.73065
0.74416
0.757372
0.770281
0.782882
0.795169
0.807139
0.818786
0.830105
0.841093
0.851744
0.862054
0.872019
0.881636
0.8909
0.899807
0.908355
0.916539
0.924357
0.931805
0.93888
0.94558
0.951901
0.957842
0.963399
0.968572
0.973356
0.977752
0.981756
0.985368
0.988585
0.991407
0.993833
0.995861
0.99749
0.998721
0.999552
0.999983
1.00001
0.999646
0.998877
0.997709
0.996142
0.994176
0.991813
0.989053
0.985897
0.982347
0.978404
0.97407
0.969346
0.964234
0.958737
0.952856
0.946594
0.939953
0.932936
0.925546
0.917786
0.909659
0.901168
0.892317
0.883108
0.873547
0.863635
0.853379
0.842781
0.831846
0.820578
0.808982
0.797063
0.784824
0.772272
0.759411
0.746246
0.732782
0.719026
0.704981
0.690655
0.676053
0.66118
0.646042
0.630647
0.614999
0.599105
0.582971
0.566604
0.550011
0.533197
0.51617
0.498937
0.481504
0.463879
0.446068
0.428078
0.409918
0.391593
0.373112
0.354481
0.335709
0.316802
0.297769
0.278617
0.259353
0.239985
0.220522
0.20097
0.181338
0.161633
0.141864
0.122037
0.102163
0.0822467
0.062298
0.0423244
0.0223339
0.00233439
-0.017666
-0.0376594
-0.0576376
-0.0775929
-0.0975171
-0.117402
-0.13724
-0.157024
-0.176744
-0.196394
-0.215965
-0.23545
-0.254841
-0.27413
-0.293309
-0.312371
-0.331307
-0.350112
-0.368776
-0.387293
-0.405655
-0.423854
-0.441884
-0.459738
-0.477407
-0.494885
-0.512166
-0.529241
-0.546105
-0.562751
-0.579171
-0.59536
-0.61131
-0.627016
-0.642472
-0.65767
-0.672605
-0.687271
-0.701662
-0.715773
-0.729597
-0.74313
-0.756365
-0.769297
-0.781922
-0.794234
-0.806229
-0.817901
-0.829245
-0.840259
-0.850935
-0.861272
-0.871264
-0.880908
-0.890199
-0.899134
-0.90771
-0.915922
-0.923768
-0.931245
-0.938349
-0.945077
-0.951428
-0.957398
-0.962985
-0.968187
-0.973002
-0.977427
-0.981462
-0.985104
-0.988351
-0.991204
-0.99366
-0.995719
-0.997379
-0.99864
-0.999502
-0.999964
-1.00003
-0.999688
-0.998951
-0.997813
-0.996277
-0.994342
-0.992009
-0.989279
-0.986154
-0.982634
-0.978722
-0.974417
-0.969723
-0.964641
-0.959174
-0.953322
-0.947089
-0.940478
-0.93349
-0.926129
-0.918397
-0.910298
-0.901835
-0.893011
-0.88383
-0.874295
-0.864411
-0.854181
-0.843609
-0.8327
-0.821458
-0.809887
-0.797992
-0.785778
-0.77325
-0.760412
-0.74727
-0.73383
-0.720095
-0.706073
-0.691768
-0.677187
-0.662335
-0.647218
-0.631841
-0.616213
-0.600337
-0.584222
-0.567873
-0.551296
-0.5345
-0.517489
-0.500271
-0.482854
-0.465243
-0.447446
-0.42947
-0.411322
-0.39301
-0.37454
-0.355921
-0.33716
-0.318263
-0.299239
-0.280096
-0.26084
-0.24148
-0.222024
-0.202479
-0.182852
-0.163153
-0.143388
-0.123566
-0.103695
-0.0837818
-0.0638354
-0.0438634
-0.0238739
-0.00387478
0.0161258
0.03612
0.0560997
0.076057
0.0959839
0.115872
0.135714
0.155502
0.175228
0.194884
0.214461
0.233953
0.253351
0.272648
0.291836
0.310907
0.329854
0.348668
0.367344
0.385872
0.404246
0.422459
0.440502
0.458369
0.476053
0.493546
0.510842
0.527934
0.544814
0.561477
0.577915
0.594121
0.610091
0.625816
0.64129
0.656509
0.671464
0.686151
0.700564
0.714696
0.728543
0.742098
0.755356
0.768312
0.780961
0.793297
0.805316
0.817013
0.828383
0.839422
0.850125
0.860488
0.870507
0.880178
0.889496
0.898459
0.907062
0.915303
0.923177
0.930682
0.937815
0.944572
0.950952
0.956952
0.962569
0.9678
0.972645
0.9771
0.981165
0.984837
0.988115
0.990998
0.993485
0.995574
0.997265
0.998557
0.99945
0.999943
1.00004
0.999729
0.999022
0.997915
0.996409
0.994505
0.992203
0.989504
0.986409
0.982919
0.979037
0.974763
0.970099
0.965046
0.959608
0.953786
0.947583
0.941
0.934041
0.926709
0.919006
0.910935
0.9025
0.893703
0.88455
0.875042
0.865185
0.854981
0.844435
0.833552
0.822335
0.81079
0.79892
0.78673
0.774226
0.761412
0.748293
0.734875
0.721163
0.707163
0.69288
0.67832
0.663488
0.648391
0.633035
0.617425
0.601569
0.585471
0.56914
0.552581
0.535801
0.518806
0.501605
0.484202
0.466606
0.448823
0.430861
0.412726
0.394426
0.375968
0.35736
0.338609
0.319723
0.300709
0.281574
0.262327
0.242975
0.223526
0.203987
0.184367
0.164672
0.144913
0.125095
0.105227
0.0853167
0.0653725
0.0454022
0.0254138
0.00541516
-0.0145856
-0.0345806
-0.0545617
-0.074521
-0.0944505
-0.114342
-0.134188
-0.15398
-0.173711
-0.193372
-0.212956
-0.232455
-0.251861
-0.271166
-0.290362
-0.309442
-0.328399
-0.347224
-0.365911
-0.384451
-0.402837
-0.421062
-0.439118
-0.456999
-0.474698
-0.492206
-0.509517
-0.526625
-0.543522
-0.560201
-0.576657
-0.592882
-0.608869
-0.624613
-0.640108
-0.655346
-0.670322
-0.68503
-0.699464
-0.713618
-0.727487
-0.741064
-0.754346
-0.767325
-0.779998
-0.792358
-0.804402
-0.816124
-0.82752
-0.838584
-0.849313
-0.859702
-0.869748
-0.879445
-0.888791
-0.897781
-0.906412
-0.914681
-0.922584
-0.930117
-0.937279
-0.944065
-0.950474
-0.956503
-0.96215
-0.967411
-0.972285
-0.976771
-0.980866
-0.984568
-0.987877
-0.99079
-0.993308
-0.995427
-0.997149
-0.998472
-0.999395
-0.999919
-1.00004
-0.999766
-0.99909
-0.998014
-0.996539
-0.994666
-0.992394
-0.989726
-0.986661
-0.983202
-0.97935
-0.975106
-0.970472
-0.965449
-0.960041
-0.954248
-0.948074
-0.941521
-0.934591
-0.927287
-0.919612
-0.911569
-0.903162
-0.894394
-0.885267
-0.875787
-0.865956
-0.855779
-0.84526
-0.834402
-0.823211
-0.81169
-0.799845
-0.78768
-0.7752
-0.762409
-0.749314
-0.735919
-0.72223
-0.708252
-0.69399
-0.679451
-0.66464
-0.649563
-0.634226
-0.618636
-0.602798
-0.586719
-0.570406
-0.553864
-0.537101
-0.520123
-0.502937
-0.485549
-0.467968
-0.450199
-0.43225
-0.414128
-0.395841
-0.377395
-0.358799
-0.340058
-0.321182
-0.302177
-0.283052
-0.263813
-0.244469
-0.225027
-0.205495
-0.18588
-0.166192
-0.146436
-0.126623
-0.106758
-0.0868514
-0.0669096
-0.046941
-0.0269536
-0.00695552
0.0130454
0.0330411
0.0530235
0.0729848
0.0929169
0.112812
0.132662
0.152458
0.172194
0.191861
0.211451
0.230956
0.25037
0.269683
0.288888
0.307977
0.326944
0.345779
0.364477
0.383028
0.401426
0.419664
0.437734
0.455629
0.473341
0.490864
0.508191
0.525315
0.542228
0.558925
0.575398
0.59164
0.607647
0.62341
0.638923
0.654182
0.669178
0.683907
0.698362
0.712538
0.726429
0.740029
0.753334
0.766336
0.779033
0.791418
0.803486
0.815233
0.826654
0.837744
0.848499
0.858914
0.868986
0.878711
0.888084
0.897102
0.90576
0.914057
0.921988
0.92955
0.93674
0.943556
0.949994
0.956053
0.961728
0.96702
0.971924
0.976439
0.980564
0.984297
0.987636
0.99058
0.993128
0.995278
0.997031
0.998384
0.999338
0.999893
1.00005
0.999802
0.999156
0.998111
0.996667
0.994824
0.992583
0.989945
0.986911
0.983483
0.97966
0.975446
0.970842
0.96585
0.960471
0.954708
0.948563
0.942039
0.935138
0.927863
0.920216
0.912202
0.903822
0.895082
0.885983
0.87653
0.866726
0.856575
0.846082
0.83525
0.824085
0.812589
0.800769
0.788628
0.776172
0.763405
0.750333
0.736961
0.723294
0.709338
0.695098
0.68058
0.66579
0.650734
0.635417
0.619846
0.604027
0.587966
0.57167
0.555146
0.5384
0.521438
0.504267
0.486895
0.469328
0.451574
0.433639
0.41553
0.397255
0.378821
0.360236
0.341507
0.322641
0.303645
0.284529
0.265299
0.245962
0.226527
0.207002
0.187394
0.16771
0.14796
0.128151
0.10829
0.0883858
0.0684464
0.0484796
0.0284934
0.00849587
-0.0115051
-0.0315015
-0.0514853
-0.0714484
-0.091383
-0.111281
-0.131135
-0.150936
-0.170676
-0.190349
-0.209945
-0.229457
-0.248878
-0.268199
-0.287413
-0.306511
-0.325488
-0.344334
-0.363042
-0.381605
-0.400015
-0.418265
-0.436348
-0.454257
-0.471984
-0.489522
-0.506864
-0.524003
-0.540933
-0.557647
-0.574137
-0.590398
-0.606422
-0.622204
-0.637738
-0.653016
-0.668033
-0.682782
-0.697259
-0.711456
-0.725369
-0.738992
-0.75232
-0.765346
-0.778066
-0.790475
-0.802568
-0.81434
-0.825786
-0.836901
-0.847682
-0.858124
-0.868223
-0.877974
-0.887375
-0.89642
-0.905106
-0.913431
-0.92139
-0.928981
-0.9362
-0.943045
-0.949512
-0.9556
-0.961305
-0.966626
-0.97156
-0.976105
-0.980261
-0.984024
-0.987393
-0.990367
-0.992946
-0.995127
-0.99691
-0.998294
-0.999279
-0.999864
-1.00005
-0.999835
-0.99922
-0.998206
-0.996792
-0.99498
-0.99277
-0.990162
-0.987159
-0.983761
-0.979969
-0.975785
-0.971211
-0.966248
-0.960899
