1
1
0.999603
0.998813
0.997632
0.996065
0.994116
0.991787
0.989083
0.986008
0.982566
0.978762
0.974599
0.970083
0.965218
0.960008
0.954459
0.948574
0.942361
0.935822
0.928964
0.921792
0.914311
0.906527
0.898444
0.890069
0.881408
0.872465
0.863247
0.85376
0.84401
0.834001
0.823742
0.813236
0.802492
0.791514
0.780309
0.768884
0.757244
0.745396
0.733346
0.721101
0.708667
0.696051
0.683258
0.670296
0.65717
0.643888
0.630456
0.616881
0.603168
0.589325
0.575357
0.561273
0.547077
0.532777
0.518379
0.503889
0.489315
0.474662
0.459937
0.445146
0.430296
0.415394
0.400444
0.385455
0.370431
0.35538
0.340307
0.325218
0.310121
0.29502
0.279922
0.264832
0.249758
0.234704
0.219676
0.20468
0.189722
0.174808
0.159942
0.145131
0.13038
0.115694
0.101079
0.0865399
0.0720818
0.0577098
0.043429
0.0292442
0.0151605
0.00118245
-0.0126851
-0.0264375
-0.0400703
-0.053579
-0.0669593
-0.0802067
-0.0933172
-0.106287
-0.119111
-0.131786
-0.144309
-0.156674
-0.16888
-0.180921
-0.192795
-0.204499
-0.216028
-0.22738
-0.238552
-0.249541
-0.260343
-0.270956
-0.281378
-0.291605
-0.301635
-0.311466
-0.321095
-0.330521
-0.33974
-0.348752
-0.357553
-0.366143
-0.374519
-0.382681
-0.390625
-0.398352
-0.405859
-0.413146
-0.42021
-0.427052
-0.433671
-0.440064
-0.446232
-0.452175
-0.45789
-0.463379
-0.46864
-0.473673
-0.478478
-0.483056
-0.487405
-0.491527
-0.495421
-0.499087
-0.502526
-0.505738
-0.508724
-0.511485
-0.514021
-0.516332
-0.518421
-0.520287
-0.521932
-0.523356
-0.524562
-0.52555
-0.526321
-0.526878
-0.527221
-0.527352
-0.527273
-0.526985
-0.52649
-0.525791
-0.524888
-0.523784
-0.522481
-0.520981
-0.519287
-0.517399
-0.515321
-0.513056
-0.510604
-0.50797
-0.505155
-0.502161
-0.498993
-0.495651
-0.492139
-0.48846
-0.484616
-0.48061
-0.476446
-0.472125
-0.467651
-0.463028
-0.458257
-0.453342
-0.448286
-0.443093
-0.437765
-0.432305
-0.426718
-0.421005
-0.415171
-0.409218
-0.40315
-0.39697
-0.390682
-0.384288
-0.377793
-0.371199
-0.364511
-0.357731
-0.350863
-0.34391
-0.336875
-0.329763
-0.322577
-0.315319
-0.307994
-0.300605
-0.293155
-0.285648
-0.278088
-0.270477
-0.262819
-0.255117
-0.247376
-0.239597
-0.231785
-0.223944
-0.216075
-0.208184
-0.200272
-0.192344
-0.184402
-0.176451
-0.168492
-0.160529
-0.152566
-0.144606
-0.136652
-0.128706
-0.120773
-0.112854
-0.104953
-0.097074
-0.0892186
-0.0813901
-0.0735915
-0.0658255
-0.0580951
-0.0504029
-0.0427518
-0.0351445
-0.0275836
-0.0200717
-0.0126115
-0.00520551
0.00214377
0.00943388
0.0166624
0.0238269
0.0309251
0.0379547
0.0449135
0.0517991
0.0586096
0.0653428
0.0719966
0.0785691
0.0850582
0.091462
0.0977787
0.104007
0.110144
0.116188
0.122139
0.127994
0.133751
0.13941
0.144969
0.150426
0.15578
0.16103
0.166174
0.171211
0.176141
0.180961
0.185671
0.190271
0.194758
0.199132
0.203393
0.207539
0.21157
0.215485
0.219283
0.222964
0.226528
0.229973
0.2333
0.236507
0.239596
0.242565
0.245414
0.248143
0.250751
0.25324
0.255608
0.257857
0.259985
0.261993
0.263881
0.265649
0.267298
0.268828
0.270239
0.271531
0.272706
0.273763
0.274703
0.275526
0.276234
0.276826
0.277304
0.277668
0.277919
0.278057
0.278084
0.278001
0.277808
0.277506
0.277097
0.276581
0.275959
0.275232
0.274402
0.27347
0.272437
0.271304
0.270072
0.268743
0.267317
0.265797
0.264184
0.262478
0.260682
0.258796
0.256823
0.254764
0.25262
0.250392
0.248083
0.245694
0.243227
0.240682
0.238062
0.235368
0.232603
0.229767
0.226862
0.22389
0.220854
0.217753
0.214591
0.211369
0.208088
0.204751
0.201359
0.197914
0.194418
0.190873
0.187279
0.183641
0.179958
0.176233
0.172467
0.168663
0.164823
0.160947
0.157038
0.153098
0.149129
0.145131
0.141108
0.137061
0.132992
0.128902
0.124793
0.120668
0.116527
0.112373
0.108207
0.104032
0.0998482
0.0956581
0.0914633
0.0872656
0.0830665
0.0788677
0.074671
0.070478
0.0662902
0.0621094
0.0579372
0.053775
0.0496246
0.0454874
0.041365
0.0372589
0.0331706
0.0291015
0.0250533
0.0210272
0.0170247
0.0130472
0.00909613
0.0051728
0.00127855
-0.0025853
-0.00641746
-0.0102167
-0.0139816
-0.0177112
-0.0214041
-0.0250593
-0.0286755
-0.0322516
-0.0357865
-0.0392791
-0.0427285
-0.0461335
-0.0494932
-0.0528066
-0.0560727
-0.0592907
-0.0624596
-0.0655786
-0.0686468
-0.0716634
-0.0746276
-0.0775386
-0.0803958
-0.0831985
-0.0859458
-0.0886373
-0.0912722
-0.09385
-0.0963701
-0.0988319
-0.101235
-0.103579
-0.105863
-0.108087
-0.11025
-0.112353
-0.114394
-0.116374
-0.118292
-0.120147
-0.121941
-0.123671
-0.125339
-0.126944
-0.128485
-0.129964
-0.131379
-0.132731
-0.134019
-0.135244
-0.136406
-0.137504
-0.138539
-0.139511
-0.14042
-0.141265
-0.142048
-0.142769
-0.143427
-0.144023
-0.144557
-0.145029
-0.14544
-0.145791
-0.14608
-0.146309
-0.146479
-0.146589
-0.146639
-0.146632
-0.146566
-0.146442
-0.146262
-0.146024
-0.145731
-0.145382
-0.144979
-0.144521
-0.144009
-0.143444
-0.142827
-0.142158
-0.141437
-0.140667
-0.139847
-0.138977
-0.13806
-0.137095
-0.136083
-0.135025
-0.133922
-0.132775
-0.131584
-0.130351
-0.129075
-0.127758
-0.126401
-0.125005
-0.12357
-0.122098
-0.120588
-0.119043
-0.117463
-0.115849
-0.114202
-0.112522
-0.110811
-0.10907
-0.107299
-0.1055
-0.103673
-0.101819
-0.09994
-0.0980361
-0.0961083
-0.0941577
-0.0921852
-0.0901918
-0.0881785
-0.0861461
-0.0840956
-0.0820281
-0.0799444
-0.0778456
-0.0757325
-0.0736061
-0.0714674
-0.0693173
-0.0671567
-0.0649867
-0.0628081
-0.0606218
-0.0584289
-0.0562301
-0.0540266
-0.051819
-0.0496084
-0.0473957
-0.0451817
-0.0429674
-0.0407536
-0.0385412
-0.036331
-0.034124
-0.0319209
-0.0297227
-0.0275301
-0.025344
-0.0231652
-0.0209945
-0.0188327
-0.0166806
-0.0145389
-0.0124085
-0.01029
-0.00818428
-0.00609202
-0.00401394
-0.00195077
9.68068e-05
0.00212809
0.00414241
0.0061391
0.00811751
0.010077
0.0120169
0.0139367
0.0158357
0.0177133
0.0195691
0.0214023
0.0232125
0.0249991
0.0267616
0.0284994
0.0302122
0.0318994
0.0335606
0.0351953
0.036803
0.0383833
0.0399359
0.0414603
0.0429562
0.0444231
0.0458608
0.0472689
0.048647
0.0499949
0.0513122
0.0525988
0.0538542
0.0550783
0.0562709
0.0574316
0.0585604
0.0596569
0.0607211
0.0617527
0.0627517
0.0637178
0.0646509
0.065551
0.066418
0.0672517
0.0680521
0.0688191
0.0695528
0.070253
0.0709198
0.0715532
0.0721531
0.0727196
0.0732528
0.0737527
0.0742193
0.0746528
0.0750533
0.0754207
0.0757554
0.0760573
0.0763266
0.0765635
0.0767682
0.0769407
0.0770814
0.0771903
0.0772678
0.0773139
0.0773291
0.0773134
0.0772672
0.0771906
0.0770841
0.0769478
0.076782
0.0765871
0.0763634
0.0761111
0.0758306
0.0755223
0.0751864
0.0748234
0.0744336
0.0740173
0.0735749
0.0731069
0.0726136
0.0720953
0.0715526
0.0709858
0.0703953
0.0697816
0.069145
0.0684861
0.0678052
0.0671028
0.0663793
0.0656353
0.0648711
0.0640872
0.0632842
0.0624623
0.0616223
0.0607644
0.0598892
0.0589972
0.0580889
0.0571648
0.0562253
0.0552709
0.0543022
0.0533196
0.0523236
0.0513148
0.0502937
0.0492606
0.0482163
0.0471611
0.0460955
0.0450201
0.0439354
0.0428419
0.04174
0.0406303
0.0395133
0.0383895
0.0372594
0.0361235
0.0349822
0.0338361
0.0326857
0.0315314
0.0303738
0.0292133
0.0280505
0.0268857
0.0257195
0.0245524
0.0233848
0.0222172
0.02105
0.0198837
0.0187188
0.0175557
0.0163949
0.0152368
0.0140818
0.0129304
0.011783
0.0106401
0.00950199
0.00836915
0.00724198
0.00612088
0.00500625
0.00389847
0.00279795
0.00170504
0.000620137
-0.000456405
-0.00152422
-0.00258296
-0.00363227
-0.00467181
-0.00570124
-0.00672025
-0.0077285
-0.00872568
-0.00971148
-0.0106856
-0.0116478
-0.0125977
-0.013535
-0.0144596
-0.015371
-0.0162692
-0.0171537
-0.0180245
-0.0188811
-0.0197235
-0.0205514
-0.0213645
-0.0221627
-0.0229458
-0.0237135
-0.0244658
-0.0252023
-0.0259231
-0.0266278
-0.0273163
-0.0279886
-0.0286444
-0.0292837
-0.0299062
-0.0305119
-0.0311008
-0.0316726
-0.0322273
-0.0327648
-0.033285
-0.0337879
-0.0342734
-0.0347415
-0.035192
-0.035625
-0.0360405
-0.0364383
-0.0368185
-0.0371811
-0.0375261
-0.0378534
-0.0381631
-0.0384552
-0.0387298
-0.0389868
-0.0392262
-0.0394482
-0.0396528
-0.0398401
-0.04001
-0.0401627
-0.0402983
-0.0404168
-0.0405183
-0.0406029
-0.0406708
-0.0407219
-0.0407565
-0.0407747
-0.0407765
-0.0407621
-0.0407317
-0.0406854
-0.0406232
-0.0405455
-0.0404523
-0.0403437
-0.04022
-0.0400814
-0.0399279
-0.0397598
-0.0395773
-0.0393805
-0.0391696
-0.0389449
-0.0387065
-0.0384546
-0.0381895
-0.0379113
-0.0376203
-0.0373167
-0.0370006
-0.0366724
-0.0363323
-0.0359804
-0.035617
-0.0352424
-0.0348568
-0.0344604
-0.0340535
-0.0336363
-0.033209
-0.032772
-0.0323254
-0.0318696
-0.0314047
-0.0309311
-0.0304489
-0.0299585
-0.0294601
-0.0289539
-0.0284403
-0.0279194
-0.0273917
-0.0268572
-0.0263163
-0.0257693
-0.0252164
-0.0246578
-0.024094
-0.023525
-0.0229512
-0.0223729
-0.0217902
-0.0212036
-0.0206132
-0.0200193
-0.0194221
-0.018822
-0.0182192
-0.017614
-0.0170065
-0.0163972
-0.0157861
-0.0151737
-0.01456
-0.0139455
-0.0133303
-0.0127148
-0.012099
-0.0114833
-0.010868
-0.0102533
-0.0096393
-0.0090264
-0.00841478
-0.00780467
-0.00719631
-0.00658992
-0.00598573
-0.00538396
-0.00478483
-0.00418856
-0.00359535
-0.00300543
-0.00241899
-0.00183625
-0.00125741
-0.000682659
-0.000112201
0.000453775
0.00101508
0.00157152
0.00212293
0.00266912
0.00320991
0.00374514
0.00427463
0.00479823
0.00531576
0.00582708
0.00633203
0.00683046
0.00732222
0.00780717
0.00828518
0.0087561
0.00921981
0.00967619
0.0101251
0.0105664
0.0110001
0.0114259
0.0118438
0.0122537
0.0126555
0.0130491
0.0134343
0.0138112
0.0141796
0.0145395
0.0148907
0.0152333
0.015567
0.015892
0.016208
0.0165152
0.0168133
0.0171024
0.0173824
0.0176533
0.017915
0.0181676
0.0184109
0.018645
0.0188698
0.0190854
0.0192917
0.0194887
0.0196764
0.0198548
0.0200239
0.0201837
0.0203342
0.0204755
0.0206075
0.0207303
0.0208439
0.0209484
0.0210436
0.0211298
0.0212069
0.021275
0.0213341
0.0213843
0.0214256
0.021458
0.0214817
0.0214967
0.021503
0.0215007
0.0214899
0.0214707
0.0214431
0.0214072
0.0213631
0.0213109
0.0212507
0.0211825
0.0211064
0.0210225
0.020931
0.0208319
0.0207253
0.0206113
0.0204901
0.0203617
0.0202262
0.0200838
0.0199345
0.0197785
0.0196159
0.0194469
0.0192714
0.0190897
0.0189018
0.018708
0.0185082
0.0183027
0.0180916
0.0178749
0.0176529
0.0174256
0.0171933
0.0169559
0.0167137
0.0164668
0.0162153
0.0159594
0.0156992
0.0154348
0.0151664
0.0148941
0.0146181
0.0143384
0.0140553
0.0137688
0.0134792
0.0131865
0.0128908
0.0125925
0.0122915
0.011988
0.0116821
0.0113741
0.0110639
0.0107519
0.010438
0.0101225
0.00980554
0.00948716
0.00916754
0.00884682
0.00852514
0.00820262
0.00787941
0.00755564
0.00723144
0.00690694
0.00658228
0.00625758
0.00593297
0.00560859
0.00528456
0.004961
0.00463804
0.0043158
0.00399441
0.00367398
0.00335464
0.0030365
0.00271968
0.0024043
0.00209047
0.00177829
0.00146789
0.00115937
0.00085284
0.000548402
0.000246164
-5.37742e-05
-0.00035131
-0.000646345
-0.000938782
-0.00122853
-0.00151548
-0.00179956
-0.00208067
-0.00235872
-0.00263363
-0.00290531
-0.00317369
-0.00343867
-0.00370019
-0.00395816
-0.00421252
-0.00446318
-0.00471008
-0.00495316
-0.00519234
-0.00542756
-0.00565876
-0.00588588
-0.00610887
-0.00632765
-0.0065422
-0.00675244
-0.00695833
-0.00715983
-0.00735689
-0.00754947
-0.00773752
-0.007921
-0.00809989
-0.00827415
-0.00844374
-0.00860863
-0.00876879
-0.00892421
-0.00907485
-0.0092207
-0.00936172
-0.00949792
-0.00962926
-0.00975574
-0.00987735
-0.00999407
-0.0101059
-0.0102128
-0.0103149
-0.010412
-0.0105042
-0.0105915
-0.010674
-0.0107515
-0.0108241
-0.0108919
-0.0109549
-0.0110129
-0.0110662
-0.0111146
-0.0111582
-0.0111971
-0.0112312
-0.0112606
-0.0112853
-0.0113053
-0.0113207
-0.0113314
-0.0113376
-0.0113392
-0.0113363
-0.0113289
-0.0113171
-0.0113009
-0.0112804
-0.0112555
-0.0112263
-0.011193
-0.0111554
-0.0111138
-0.011068
-0.0110182
-0.0109645
-0.0109068
-0.0108452
-0.0107799
-0.0107107
-0.0106379
-0.0105614
-0.0104814
-0.0103978
-0.0103108
-0.0102203
-0.0101265
-0.0100295
-0.00992923
-0.00982582
-0.00971933
-0.00960983
-0.00949739
-0.00938207
-0.00926394
-0.00914307
-0.00901954
-0.00889341
-0.00876474
-0.00863363
-0.00850012
-0.0083643
-0.00822624
-0.00808602
-0.00794369
-0.00779935
-0.00765305
-0.00750488
-0.00735491
-0.0072032
-0.00704985
-0.00689491
-0.00673847
-0.00658059
-0.00642136
-0.00626084
-0.00609911
-0.00593625
-0.00577232
-0.0056074
-0.00544156
-0.00527489
-0.00510744
-0.00493929
-0.00477052
-0.0046012
-0.00443139
-0.00426117
-0.00409061
-0.00391979
-0.00374876
-0.0035776
-0.00340638
-0.00323517
-0.00306403
-0.00289304
-0.00272225
-0.00255174
-0.00238157
-0.00221181
-0.00204252
-0.00187376
-0.00170559
-0.00153808
-0.00137129
-0.00120529
-0.00104012
-0.000875844
-0.000712529
-0.000550227
-0.000388995
-0.000228888
-6.99607e-05
8.77328e-05
0.00024414
0.000399209
0.000552889
0.000705129
0.000855882
0.0010051
0.00115273
0.00129874
0.00144307
0.00158568
0.00172653
0.00186558
0.00200278
0.0021381
0.0022715
0.00240294
0.00253238
0.00265979
0.00278513
0.00290837
0.00302948
0.00314843
0.00326518
0.00337971
0.003492
0.003602
0.0037097
0.00381508
0.0039181
0.00401875
0.00411701
0.00421286
0.00430627
0.00439723
0.00448573
0.00457174
0.00465526
0.00473626
0.00481475
0.0048907
0.0049641
0.00503496
0.00510325
0.00516898
0.00523213
0.00529271
0.0053507
0.00540611
0.00545894
0.00550918
0.00555684
0.00560191
0.0056444
0.00568432
0.00572166
0.00575644
0.00578865
0.00581832
0.00584544
0.00587002
0.00589208
0.00591162
0.00592867
0.00594323
0.00595531
0.00596493
0.00597211
0.00597687
0.00597921
0.00597917
0.00597675
0.00597197
0.00596487
0.00595546
0.00594375
0.00592978
0.00591357
0.00589514
0.00587452
0.00585173
0.0058268
0.00579976
0.00577062
0.00573943
0.00570621
0.00567099
0.0056338
0.00559467
0.00555362
0.0055107
0.00546594
0.00541936
0.005371
0.00532089
0.00526906
0.00521556
0.00516041
0.00510366
0.00504533
0.00498545
0.00492408
0.00486124
0.00479697
0.0047313
0.00466428
0.00459594
0.00452632
0.00445545
0.00438338
0.00431014
0.00423578
0.00416032
0.00408381
0.00400628
0.00392779
0.00384835
0.00376802
0.00368683
0.00360483
0.00352204
0.00343851
0.00335428
0.00326939
0.00318388
0.00309778
0.00301113
0.00292398
0.00283636
0.00274831
0.00265986
0.00257107
0.00248195
0.00239256
0.00230293
0.0022131
0.0021231
0.00203298
0.00194276
0.00185249
0.0017622
0.00167192
0.0015817
0.00149157
0.00140156
0.00131171
0.00122205
0.00113262
0.00104345
0.00095457
0.000866019
0.000777827
0.000690027
0.000602649
0.000515726
0.000429288
0.000343365
0.000257988
0.000173187
8.89897e-05
5.42532e-06
-7.7478e-05
-0.000159693
-0.000241191
-0.000321947
-0.000401935
-0.000481128
-0.000559502
-0.000637032
-0.000713693
-0.000789463
-0.000864318
-0.000938237
-0.0010112
-0.00108317
-0.00115415
-0.00122411
-0.00129303
-0.00136088
-0.00142766
-0.00149334
-0.0015579
-0.00162134
-0.00168363
-0.00174476
-0.00180471
-0.00186346
-0.00192101
-0.00197735
-0.00203245
-0.0020863
-0.00213891
-0.00219024
-0.0022403
-0.00228907
-0.00233655
-0.00238272
-0.00242758
-0.00247112
-0.00251334
-0.00255422
-0.00259377
-0.00263197
-0.00266882
-0.00270433
-0.00273847
-0.00277126
-0.00280269
-0.00283276
-0.00286147
-0.00288881
-0.00291479
-0.00293941
-0.00296266
-0.00298455
-0.00300509
-0.00302427
-0.0030421
-0.00305858
-0.00307371
-0.00308751
-0.00309997
-0.0031111
-0.00312091
-0.0031294
-0.00313658
-0.00314247
-0.00314705
-0.00315036
-0.00315238
-0.00315314
-0.00315264
-0.0031509
-0.00314792
-0.00314371
-0.00313829
-0.00313166
-0.00312385
-0.00311486
-0.0031047
-0.00309339
-0.00308095
-0.00306738
-0.0030527
-0.00303693
-0.00302007
-0.00300215
-0.00298319
-0.00296319
-0.00294217
-0.00292015
-0.00289715
-0.00287318
-0.00284826
-0.00282241
-0.00279564
-0.00276797
-0.00273943
-0.00271003
-0.00267978
-0.00264872
-0.00261684
-0.00258418
-0.00255076
-0.00251659
-0.00248169
-0.00244608
-0.00240979
-0.00237282
-0.00233521
-0.00229697
-0.00225812
-0.00221869
-0.00217868
-0.00213813
-0.00209706
-0.00205547
-0.00201341
-0.00197087
-0.00192789
-0.00188449
-0.00184069
-0.0017965
-0.00175195
-0.00170706
-0.00166184
-0.00161633
-0.00157054
-0.00152448
-0.00147819
-0.00143168
-0.00138496
-0.00133807
-0.00129103
-0.00124384
-0.00119653
-0.00114912
-0.00110164
-0.00105409
-0.0010065
-0.000958895
-0.000911283
-0.000863688
-0.000816127
-0.00076862
-0.000721185
-0.000673841
-0.000626605
-0.000579495
-0.000532528
-0.000485724
-0.000439098
-0.000392668
-0.00034645
-0.000300462
-0.00025472
-0.000209239
-0.000164037
-0.000119128
-7.45285e-05
-3.02532e-05
1.36827e-05
5.72645e-05
0.000100478
0.000143308
0.000185742
0.000227765
0.000269364
0.000310526
0.000351238
0.000391488
0.000431263
0.000470551
0.00050934
0.00054762
0.000585379
0.000622605
0.000659289
0.00069542
0.000730989
0.000765985
0.000800399
0.000834223
0.000867447
0.000900064
0.000932064
0.00096344
0.000994186
0.00102429
0.00105375
0.00108256
0.00111071
0.0011382
0.00116502
0.00119116
0.00121662
0.0012414
0.00126549
0.00128888
0.00131158
0.00133357
0.00135487
0.00137545
0.00139533
0.00141449
0.00143295
0.00145068
0.0014677
0.00148401
0.00149959
0.00151446
0.0015286
0.00154203
0.00155474
0.00156673
0.00157801
0.00158857
0.00159841
0.00160755
0.00161597
0.00162368
0.00163069
0.001637
0.0016426
0.00164751
0.00165173
0.00165526
0.0016581
0.00166026
0.00166175
0.00166257
0.00166272
0.0016622
0.00166104
0.00165922
0.00165676
0.00165366
0.00164993
0.00164557
0.0016406
0.00163501
0.00162882
0.00162204
0.00161466
0.0016067
0.00159817
0.00158907
0.00157941
0.0015692
0.00155845
0.00154716
0.00153536
0.00152303
0.0015102
0.00149688
0.00148306
0.00146877
0.001454
0.00143878
0.0014231
0.00140699
0.00139044
0.00137348
0.0013561
0.00133833
0.00132016
0.00130162
0.0012827
0.00126343
0.00124381
0.00122385
0.00120356
0.00118296
0.00116205
0.00114084
0.00111935
0.00109759
0.00107556
0.00105329
0.00103077
0.00100802
0.000985049
0.000961872
0.000938497
0.000914935
0.000891197
0.000867294
0.000843236
0.000819035
0.0007947
0.000770244
0.000745676
0.000721007
0.000696247
0.000671408
0.0006465
0.000621532
0.000596517
0.000571463
0.000546381
0.000521281
0.000496174
0.000471069
0.000445976
0.000420906
0.000395868
0.000370871
0.000345925
0.00032104
0.000296225
0.00027149
0.000246843
0.000222294
0.000197851
0.000173524
0.000149321
0.000125251
0.000101322
7.75434e-05
5.39224e-05
3.04674e-05
7.18642e-06
-1.59126e-05
-3.8822e-05
-6.15341e-05
-8.40416e-05
-0.000106337
-0.000128413
-0.000150264
-0.000171881
-0.000193258
-0.000214389
-0.000235267
-0.000255887
-0.000276241
-0.000296323
-0.000316129
-0.000335653
-0.000354888
-0.000373829
-0.000392472
-0.000410811
-0.000428842
-0.000446559
-0.000463959
-0.000481036
-0.000497787
-0.000514208
-0.000530294
-0.000546042
-0.000561448
-0.000576509
-0.000591222
-0.000605584
-0.000619591
-0.000633241
-0.000646532
-0.00065946
-0.000672025
-0.000684222
-0.000696052
-0.000707511
-0.000718599
-0.000729314
-0.000739654
-0.000749618
-0.000759206
-0.000768417
-0.00077725
-0.000785704
-0.000793779
-0.000801475
-0.000808792
-0.00081573
-0.000822289
-0.00082847
-0.000834273
-0.000839699
-0.000844749
-0.000849423
-0.000853723
-0.00085765
-0.000861206
-0.000864392
-0.000867209
-0.00086966
-0.000871747
-0.000873471
-0.000874835
-0.00087584
-0.00087649
-0.000876787
-0.000876734
-0.000876334
-0.000875589
-0.000874502
-0.000873077
-0.000871316
-0.000869224
-0.000866804
-0.000864059
-0.000860993
-0.000857609
-0.000853912
-0.000849905
-0.000845593
-0.00084098
-0.00083607
-0.000830866
-0.000825375
-0.000819599
-0.000813544
-0.000807214
-0.000800614
-0.000793749
-0.000786623
-0.000779242
-0.00077161
-0.000763733
-0.000755614
-0.000747261
-0.000738677
-0.000729868
-0.00072084
-0.000711597
-0.000702145
-0.00069249
-0.000682636
-0.00067259
-0.000662356
-0.000651941
-0.00064135
-0.000630588
-0.000619662
-0.000608576
-0.000597337
-0.00058595
-0.000574421
-0.000562755
-0.000550959
-0.000539037
-0.000526997
-0.000514842
-0.00050258
-0.000490216
-0.000477756
-0.000465204
-0.000452568
-0.000439853
-0.000427064
-0.000414206
-0.000401287
-0.000388311
-0.000375283
-0.000362211
-0.000349098
-0.000335951
-0.000322774
-0.000309575
-0.000296357
-0.000283126
-0.000269888
-0.000256649
-0.000243412
-0.000230184
-0.000216969
-0.000203773
-0.000190601
-0.000177458
-0.000164349
-0.000151279
-0.000138252
-0.000125274
-0.000112349
-9.94826e-05
-8.66785e-05
-7.39415e-05
-6.12764e-05
-4.86874e-05
-3.6179e-05
-2.37555e-05
-1.14212e-05
8.19759e-07
1.29632e-05
2.50052e-05
3.69416e-05
4.87687e-05
6.04826e-05
7.20794e-05
8.35557e-05
9.49077e-05
0.000106132
0.000117225
0.000128183
0.000139004
0.000149684
0.000160219
0.000170607
0.000180846
0.000190931
0.00020086
0.000210631
0.00022024
0.000229686
0.000238966
0.000248078
0.000257018
0.000265786
0.000274379
0.000282794
0.000291031
0.000299086
0.000306959
0.000314648
0.000322151
0.000329467
0.000336593
0.00034353
0.000350275
0.000356828
0.000363187
0.000369351
0.00037532
0.000381093
0.000386669
0.000392046
0.000397226
0.000402207
0.000406989
0.000411571
0.000415954
0.000420137
0.00042412
0.000427903
0.000431486
0.000434869
0.000438053
0.000441038
0.000443825
0.000446413
0.000448803
0.000450996
0.000452993
0.000454795
0.000456401
0.000457814
0.000459034
0.000460062
0.000460899
0.000461546
0.000462006
0.000462278
0.000462365
0.000462268
0.000461988
0.000461527
0.000460886
0.000460068
0.000459073
0.000457904
0.000456563
0.000455051
0.000453371
0.000451524
0.000449513
0.000447339
0.000445005
0.000442513
0.000439865
0.000437063
0.00043411
0.000431009
0.000427761
0.000424369
0.000420836
0.000417163
0.000413354
0.000409412
0.000405338
0.000401136
0.000396808
0.000392357
0.000387785
0.000383096
0.000378292
0.000373376
0.000368351
0.000363219
0.000357985
0.000352649
0.000347216
0.000341689
0.00033607
0.000330361
0.000324568
0.000318691
0.000312734
0.000306701
0.000300594
0.000294416
0.00028817
0.00028186
0.000275487
0.000269056
0.000262569
0.00025603
0.000249441
0.000242805
0.000236125
0.000229405
0.000222647
0.000215854
0.00020903
0.000202177
0.000195298
0.000188396
0.000181474
0.000174535
0.000167582
0.000160617
0.000153644
0.000146666
0.000139684
0.000132703
0.000125724
0.000118751
0.000111786
0.000104832
9.78913e-05
9.0967e-05
8.40616e-05
7.71777e-05
7.03178e-05
6.34844e-05
5.66801e-05
4.99072e-05
4.31684e-05
3.64658e-05
2.9802e-05
2.31793e-05
1.65999e-05
1.00661e-05
3.58024e-06
-2.8556e-06
-9.23922e-06
-1.55685e-05
-2.18414e-05
-2.80558e-05
-3.42098e-05
-4.03014e-05
-4.63286e-05
-5.22896e-05
-5.81826e-05
-6.40056e-05
-6.97571e-05
-7.54353e-05
-8.10384e-05
-8.65649e-05
-9.20132e-05
-9.73818e-05
-0.000102669
-0.000107874
-0.000112994
-0.000118029
-0.000122977
-0.000127838
-0.000132608
-0.000137289
-0.000141877
-0.000146373
-0.000150776
-0.000155083
-0.000159295
-0.00016341
-0.000167428
-0.000171347
-0.000175167
-0.000178887
-0.000182507
-0.000186026
-0.000189443
-0.000192757
-0.000195969
-0.000199078
-0.000202083
-0.000204984
-0.00020778
-0.000210472
-0.000213059
-0.000215541
-0.000217918
-0.000220189
-0.000222355
-0.000224415
-0.00022637
-0.00022822
-0.000229965
-0.000231604
-0.000233139
-0.000234568
-0.000235894
-0.000237115
-0.000238232
-0.000239246
-0.000240157
-0.000240966
-0.000241672
-0.000242277
-0.000242781
-0.000243185
-0.000243489
-0.000243694
-0.000243801
-0.00024381
-0.000243722
-0.000243538
-0.000243259
-0.000242886
-0.000242419
-0.00024186
-0.000241209
-0.000240468
-0.000239637
-0.000238718
-0.000237711
-0.000236618
-0.000235439
-0.000234177
-0.000232832
-0.000231404
-0.000229897
-0.00022831
-0.000226645
-0.000224904
-0.000223087
-0.000221196
-0.000219232
-0.000217197
-0.000215091
-0.000212917
-0.000210676
-0.000208369
-0.000205998
-0.000203564
-0.000201068
-0.000198512
-0.000195898
-0.000193227
-0.0001905
-0.000187719
-0.000184886
-0.000182002
-0.000179069
-0.000176088
-0.000173061
-0.000169989
-0.000166874
-0.000163717
-0.000160521
-0.000157286
-0.000154014
-0.000150708
-0.000147368
-0.000143995
-0.000140593
-0.000137162
-0.000133703
-0.000130219
-0.000126711
-0.00012318
-0.000119629
-0.000116058
-0.000112469
-0.000108865
-0.000105246
-0.000101613
-9.79696e-05
-9.43159e-05
-9.06538e-05
-8.69847e-05
-8.33103e-05
-7.96319e-05
-7.59512e-05
-7.22695e-05
-6.85884e-05
-6.49093e-05
-6.12336e-05
-5.75627e-05
-5.38982e-05
-5.02414e-05
-4.65936e-05
-4.29564e-05
-3.93309e-05
-3.57186e-05
-3.21208e-05
-2.85388e-05
-2.49739e-05
-2.14274e-05
-1.79005e-05
-1.43945e-05
-1.09107e-05
-7.45014e-06
-4.0141e-06
-6.03741e-07
2.77979e-06
6.13537e-06
9.46188e-06
1.27582e-05
1.60234e-05
1.92562e-05
2.24558e-05
2.5621e-05
2.8751e-05
3.18447e-05
3.49012e-05
3.79197e-05
4.08991e-05
4.38386e-05
4.67374e-05
4.95947e-05
5.24096e-05
5.51814e-05
5.79092e-05
6.05925e-05
6.32304e-05
6.58222e-05
6.83674e-05
7.08653e-05
7.33152e-05
7.57166e-05
7.80688e-05
8.03714e-05
8.26239e-05
8.48257e-05
8.69763e-05
8.90754e-05
9.11224e-05
9.31171e-05
9.5059e-05
9.69477e-05
9.8783e-05
0.000100564
0.000102292
0.000103965
0.000105584
0.000107148
0.000108657
0.00011011
0.000111509
0.000112852
0.00011414
0.000115373
0.000116549
0.00011767
0.000118736
0.000119746
0.0001207
0.000121599
0.000122443
0.000123231
0.000123965
0.000124643
0.000125266
0.000125835
0.000126349
0.000126809
0.000127215
0.000127567
0.000127866
0.000128112
0.000128305
0.000128445
0.000128534
0.000128571
0.000128556
0.000128491
0.000128375
0.000128209
0.000127993
0.000127729
0.000127415
0.000127054
0.000126645
0.00012619
0.000125687
0.000125139
0.000124546
0.000123907
0.000123225
0.000122499
0.000121731
0.00012092
0.000120068
0.000119174
0.000118241
0.000117268
0.000116256
0.000115206
0.000114119
0.000112995
0.000111835
0.00011064
0.000109411
0.000108148
0.000106852
0.000105523
0.000104164
0.000102774
0.000101354
9.99056e-05
9.84288e-05
9.69246e-05
9.53939e-05
9.38375e-05
9.22562e-05
9.06508e-05
8.90222e-05
8.73713e-05
8.56987e-05
8.40054e-05
8.22922e-05
8.056e-05
7.88095e-05
7.70417e-05
7.52573e-05
7.34572e-05
7.16423e-05
6.98133e-05
6.79711e-05
6.61166e-05
6.42506e-05
6.23738e-05
6.04873e-05
5.85917e-05
5.66878e-05
5.47766e-05
5.28589e-05
5.09354e-05
4.90069e-05
4.70743e-05
4.51383e-05
4.31998e-05
4.12596e-05
3.93183e-05
3.73769e-05
3.5436e-05
3.34965e-05
3.15591e-05
2.96246e-05
2.76936e-05
2.5767e-05
2.38454e-05
2.19296e-05
2.00204e-05
1.81183e-05
1.62242e-05
1.43386e-05
1.24623e-05
1.0596e-05
8.74024e-06
6.89577e-06
5.0632e-06
3.24317e-06
1.43629e-06
-3.56818e-07
-2.13555e-06
-3.89932e-06
-5.64755e-06
-7.37965e-06
-9.09509e-06
-1.07933e-05
-1.24737e-05
-1.41359e-05
-1.57793e-05
-1.74033e-05
-1.90076e-05
-2.05916e-05
-2.21548e-05
-2.36969e-05
-2.52173e-05
-2.67156e-05
-2.81914e-05
-2.96444e-05
-3.1074e-05
-3.248e-05
-3.38619e-05
-3.52194e-05
-3.65522e-05
-3.78598e-05
-3.91421e-05
-4.03987e-05
-4.16292e-05
-4.28335e-05
-4.40112e-05
-4.51622e-05
-4.6286e-05
-4.73826e-05
-4.84516e-05
-4.9493e-05
-5.05064e-05
-5.14918e-05
-5.24489e-05
-5.33776e-05
-5.42778e-05
-5.51492e-05
-5.59919e-05
-5.68056e-05
-5.75904e-05
-5.83461e-05
-5.90726e-05
-5.97699e-05
-6.0438e-05
-6.10768e-05
-6.16862e-05
-6.22664e-05
-6.28172e-05
-6.33388e-05
-6.3831e-05
-6.42941e-05
-6.47279e-05
-6.51326e-05
-6.55083e-05
-6.5855e-05
-6.61728e-05
-6.64618e-05
-6.67221e-05
-6.69539e-05
-6.71573e-05
-6.73325e-05
-6.74795e-05
-6.75986e-05
-6.76899e-05
-6.77536e-05
-6.77899e-05
-6.77991e-05
-6.77812e-05
-6.77366e-05
-6.76655e-05
-6.75681e-05
-6.74447e-05
-6.72954e-05
-6.71207e-05
-6.69207e-05
-6.66957e-05
-6.64461e-05
-6.61721e-05
-6.58739e-05
-6.5552e-05
-6.52067e-05
-6.48382e-05
-6.44469e-05
-6.40332e-05
-6.35973e-05
-6.31396e-05
-6.26605e-05
-6.21604e-05
-6.16395e-05
-6.10984e-05
-6.05373e-05
-5.99566e-05
-5.93567e-05
-5.8738e-05
-5.8101e-05
-5.74459e-05
-5.67732e-05
-5.60834e-05
-5.53767e-05
-5.46537e-05
-5.39148e-05
-5.31603e-05
-5.23907e-05
-5.16064e-05
-5.08079e-05
-4.99956e-05
-4.91698e-05
-4.83311e-05
-4.74799e-05
-4.66166e-05
-4.57416e-05
-4.48555e-05
-4.39586e-05
-4.30513e-05
-4.21342e-05
-4.12076e-05
-4.0272e-05
-3.93279e-05
-3.83756e-05
-3.74157e-05
-3.64486e-05
-3.54746e-05
-3.44943e-05
-3.35082e-05
-3.25165e-05
-3.15198e-05
-3.05185e-05
-2.95131e-05
-2.85039e-05
-2.74914e-05
-2.6476e-05
-2.54582e-05
-2.44384e-05
-2.34169e-05
-2.23943e-05
-2.13709e-05
-2.03472e-05
-1.93235e-05
-1.83002e-05
-1.72778e-05
-1.62567e-05
-1.52372e-05
-1.42198e-05
-1.32048e-05
-1.21926e-05
-1.11836e-05
-1.01782e-05
-9.17674e-06
-8.17957e-06
-7.18707e-06
-6.19959e-06
-5.21749e-06
-4.24111e-06
-3.2708e-06
-2.30689e-06
-1.34972e-06
-3.99606e-07
5.43125e-07
1.47816e-06
2.40518e-06
3.3239e-06
4.234e-06
5.1352e-06
6.02721e-06
6.90975e-06
7.78254e-06
8.64532e-06
9.49782e-06
1.03398e-05
1.1171e-05
1.19911e-05
1.28e-05
1.35974e-05
1.4383e-05
1.51567e-05
1.59183e-05
1.66675e-05
1.74041e-05
1.8128e-05
1.8839e-05
1.95368e-05
2.02213e-05
2.08924e-05
2.15499e-05
2.21936e-05
2.28234e-05
2.34391e-05
2.40406e-05
2.46279e-05
2.52006e-05
2.57589e-05
2.63025e-05
2.68313e-05
2.73453e-05
2.78444e-05
2.83284e-05
2.87974e-05
2.92512e-05
2.96898e-05
3.01132e-05
3.05212e-05
3.09139e-05
3.12912e-05
3.16531e-05
3.19996e-05
3.23306e-05
3.26461e-05
3.29462e-05
3.32309e-05
3.35001e-05
3.37538e-05
3.39922e-05
3.42152e-05
3.44228e-05
3.46151e-05
3.47922e-05
3.4954e-05
3.51007e-05
3.52323e-05
3.53489e-05
3.54505e-05
3.55372e-05
3.56092e-05
3.56665e-05
3.57091e-05
3.57372e-05
3.5751e-05
3.57504e-05
3.57357e-05
3.57069e-05
3.56641e-05
3.56075e-05
3.55373e-05
3.54535e-05
3.53563e-05
3.52459e-05
3.51223e-05
3.49858e-05
3.48365e-05
3.46745e-05
3.45001e-05
3.43134e-05
3.41145e-05
3.39036e-05
3.3681e-05
3.34468e-05
3.32012e-05
3.29444e-05
3.26765e-05
3.23977e-05
3.21084e-05
3.18086e-05
3.14985e-05
3.11784e-05
3.08485e-05
3.05089e-05
3.016e-05
2.98018e-05
2.94347e-05
2.90588e-05
2.86743e-05
2.82815e-05
2.78806e-05
2.74718e-05
2.70554e-05
2.66316e-05
2.62005e-05
2.57624e-05
2.53177e-05
2.48663e-05
2.44088e-05
2.39451e-05
2.34756e-05
2.30006e-05
2.25202e-05
2.20346e-05
2.15442e-05
2.10491e-05
2.05496e-05
2.00459e-05
1.95383e-05
1.90269e-05
1.8512e-05
1.79939e-05
1.74727e-05
1.69487e-05
1.64222e-05
1.58934e-05
1.53624e-05
1.48295e-05
1.4295e-05
1.37591e-05
1.32219e-05
1.26838e-05
1.21449e-05
1.16055e-05
1.10657e-05
1.05258e-05
9.98608e-06
9.44664e-06
8.90773e-06
8.36957e-06
7.83235e-06
7.29629e-06
6.7616e-06
6.22846e-06
5.69708e-06
5.16765e-06
4.64038e-06
4.11545e-06
3.59306e-06
3.07338e-06
2.55661e-06
2.04293e-06
1.53251e-06
1.02553e-06
5.22177e-07
2.2606e-08
-4.73009e-07
-9.64502e-07
-1.45171e-06
-1.93448e-06
-2.41265e-06
-2.88606e-06
-3.35458e-06
-3.81804e-06
-4.27631e-06
-4.72925e-06
-5.17671e-06
-5.61857e-06
-6.05469e-06
-6.48495e-06
-6.90922e-06
-7.32738e-06
-7.73932e-06
-8.14491e-06
-8.54406e-06
-8.93664e-06
-9.32257e-06
-9.70173e-06
-1.0074e-05
-1.04394e-05
-1.07977e-05
-1.11489e-05
-1.14928e-05
-1.18295e-05
-1.21588e-05
-1.24807e-05
-1.27951e-05
-1.31019e-05
-1.3401e-05
-1.36925e-05
-1.39762e-05
-1.42521e-05
-1.45202e-05
-1.47804e-05
-1.50326e-05
-1.52769e-05
-1.55132e-05
-1.57415e-05
-1.59617e-05
-1.61738e-05
-1.63778e-05
-1.65737e-05
-1.67615e-05
-1.69411e-05
-1.71126e-05
-1.72759e-05
-1.74311e-05
-1.75781e-05
-1.7717e-05
-1.78477e-05
-1.79703e-05
-1.80849e-05
-1.81913e-05
-1.82897e-05
-1.838e-05
-1.84623e-05
-1.85367e-05
-1.86031e-05
-1.86616e-05
-1.87122e-05
-1.8755e-05
-1.879e-05
-1.88173e-05
-1.88369e-05
-1.88488e-05
-1.88532e-05
-1.88501e-05
-1.88395e-05
-1.88216e-05
-1.87963e-05
-1.87637e-05
-1.87239e-05
-1.86771e-05
-1.86232e-05
-1.85623e-05
-1.84946e-05
-1.842e-05
-1.83388e-05
-1.82509e-05
-1.81564e-05
-1.80555e-05
-1.79483e-05
-1.78347e-05
-1.7715e-05
-1.75892e-05
-1.74575e-05
-1.73198e-05
-1.71764e-05
-1.70273e-05
-1.68726e-05
-1.67124e-05
-1.65469e-05
-1.63762e-05
-1.62003e-05
-1.60193e-05
-1.58334e-05
-1.56428e-05
-1.54474e-05
-1.52475e-05
-1.50431e-05
-1.48343e-05
-1.46213e-05
-1.44042e-05
-1.41831e-05
-1.39582e-05
-1.37295e-05
-1.34971e-05
-1.32613e-05
-1.3022e-05
-1.27795e-05
-1.25338e-05
-1.22851e-05
-1.20335e-05
-1.17792e-05
-1.15221e-05
-1.12626e-05
-1.10006e-05
-1.07364e-05
-1.04699e-05
-1.02015e-05
-9.93111e-06
-9.65894e-06
-9.3851e-06
-9.10971e-06
-8.83288e-06
-8.55475e-06
-8.27544e-06
-7.99505e-06
-7.71372e-06
-7.43156e-06
-7.14869e-06
-6.86522e-06
-6.58129e-06
-6.29699e-06
-6.01245e-06
-5.72779e-06
-5.44311e-06
-5.15853e-06
-4.87416e-06
-4.59012e-06
-4.3065e-06
-4.02343e-06
-3.74101e-06
-3.45935e-06
-3.17855e-06
-2.89872e-06
-2.61995e-06
-2.34236e-06
-2.06605e-06
-1.7911e-06
-1.51763e-06
-1.24573e-06
-9.75485e-07
-7.07003e-07
-4.4037e-07
-1.75679e-07
8.69812e-08
3.47522e-07
6.05858e-07
8.61902e-07
1.11557e-06
1.36679e-06
1.61547e-06
1.86153e-06
2.1049e-06
2.34551e-06
2.58327e-06
2.81812e-06
3.05e-06
3.27882e-06
3.50452e-06
3.72704e-06
3.94631e-06
4.16228e-06
4.37489e-06
4.58407e-06
4.78977e-06
4.99194e-06
5.19052e-06
5.38547e-06
5.57673e-06
5.76426e-06
5.94802e-06
6.12795e-06
6.30403e-06
6.47621e-06
6.64445e-06
6.80872e-06
6.96899e-06
7.12521e-06
7.27737e-06
7.42544e-06
7.56938e-06
7.70918e-06
7.8448e-06
7.97624e-06
8.10347e-06
8.22648e-06
8.34524e-06
8.45975e-06
8.56999e-06
8.67596e-06
8.77764e-06
8.87504e-06
8.96814e-06
9.05694e-06
9.14144e-06
9.22165e-06
9.29755e-06
9.36917e-06
9.4365e-06
9.49955e-06
9.55833e-06
9.61285e-06
9.66313e-06
9.70917e-06
9.75099e-06
9.78861e-06
9.82205e-06
9.85133e-06
9.87646e-06
9.89747e-06
9.91439e-06
9.92725e-06
9.93606e-06
9.94085e-06
9.94167e-06
9.93853e-06
9.93148e-06
9.92054e-06
9.90575e-06
9.88714e-06
9.86476e-06
9.83864e-06
9.80883e-06
9.77536e-06
9.73828e-06
9.69762e-06
9.65345e-06
9.60579e-06
9.55469e-06
9.50022e-06
9.4424e-06
9.3813e-06
9.31695e-06
9.24942e-06
9.17876e-06
9.10502e-06
9.02824e-06
8.9485e-06
8.86583e-06
8.78031e-06
8.69198e-06
8.6009e-06
8.50713e-06
8.41073e-06
8.31175e-06
8.21027e-06
8.10633e-06
8e-06
7.89133e-06
7.7804e-06
7.66726e-06
7.55198e-06
7.43462e-06
7.31523e-06
7.1939e-06
7.07066e-06
6.94561e-06
6.81878e-06
6.69026e-06
6.56011e-06
6.42838e-06
6.29515e-06
6.16048e-06
6.02443e-06
5.88707e-06
5.74846e-06
5.60868e-06
5.46777e-06
5.32582e-06
5.18288e-06
5.03902e-06
4.8943e-06
4.74878e-06
4.60254e-06
4.45563e-06
4.30812e-06
4.16006e-06
4.01154e-06
3.8626e-06
3.71331e-06
3.56373e-06
3.41392e-06
3.26395e-06
3.11387e-06
2.96375e-06
2.81365e-06
2.66361e-06
2.51372e-06
2.36401e-06
2.21456e-06
2.06541e-06
1.91662e-06
1.76826e-06
1.62037e-06
1.47301e-06
1.32624e-06
1.18011e-06
1.03467e-06
8.89968e-07
7.46065e-07
6.03008e-07
4.60847e-07
3.19631e-07
1.79409e-07
4.02294e-08
-9.78621e-08
-2.34819e-07
-3.70595e-07
-5.05147e-07
-6.38431e-07
-7.70403e-07
-9.01022e-07
-1.03025e-06
-1.15804e-06
-1.28435e-06
-1.40916e-06
-1.53241e-06
-1.65408e-06
-1.77413e-06
-1.89252e-06
-2.00922e-06
-2.1242e-06
