1
1
0.999604
0.998817
0.997643
0.996084
0.994147
0.991835
0.989153
0.986105
0.982697
0.978933
0.974817
0.970356
0.965553
0.960416
0.954947
0.949154
0.943042
0.936616
0.929881
0.922844
0.915511
0.907886
0.899977
0.891789
0.883328
0.8746
0.865611
0.856369
0.846878
0.837145
0.827176
0.816979
0.806559
0.795922
0.785076
0.774026
0.76278
0.751343
0.739723
0.727925
0.715957
0.703825
0.691536
0.679096
0.666512
0.65379
0.640938
0.627961
0.614866
0.601661
0.58835
0.574942
0.561442
0.547857
0.534193
0.520458
0.506656
0.492795
0.478881
0.46492
0.450919
0.436884
0.42282
0.408735
0.394634
0.380522
0.366407
0.352294
0.338189
0.324098
0.310026
0.29598
0.281964
0.267984
0.254046
0.240156
0.226318
0.212538
0.198821
0.185172
0.171596
0.158099
0.144684
0.131358
0.118124
0.104987
0.091952
0.0790232
0.0662049
0.0535016
0.0409173
0.0284562
0.0161223
0.0039195
-0.00814832
-0.0200775
-0.0318643
-0.0435052
-0.0549968
-0.0663358
-0.0775188
-0.0885428
-0.0994046
-0.110101
-0.12063
-0.130988
-0.141173
-0.151182
-0.161012
-0.170661
-0.180128
-0.189409
-0.198503
-0.207408
-0.216122
-0.224643
-0.23297
-0.2411
-0.249033
-0.256768
-0.264302
-0.271634
-0.278765
-0.285692
-0.292415
-0.298933
-0.305246
-0.311352
-0.317252
-0.322944
-0.32843
-0.333707
-0.338777
-0.34364
-0.348294
-0.352742
-0.356982
-0.361015
-0.364842
-0.368464
-0.371879
-0.375091
-0.378098
-0.380903
-0.383505
-0.385906
-0.388108
-0.390111
-0.391916
-0.393525
-0.394939
-0.39616
-0.397189
-0.398028
-0.398679
-0.399143
-0.399422
-0.399518
-0.399432
-0.399168
-0.398727
-0.39811
-0.397321
-0.396362
-0.395234
-0.393941
-0.392484
-0.390866
-0.389089
-0.387157
-0.385071
-0.382834
-0.38045
-0.37792
-0.375247
-0.372435
-0.369486
-0.366402
-0.363188
-0.359845
-0.356377
-0.352786
-0.349077
-0.345251
-0.341312
-0.337262
-0.333106
-0.328846
-0.324485
-0.320027
-0.315474
-0.310831
-0.306099
-0.301282
-0.296384
-0.291407
-0.286356
-0.281232
-0.27604
-0.270783
-0.265463
-0.260085
-0.254651
-0.249164
-0.243628
-0.238046
-0.232422
-0.226757
-0.221057
-0.215323
-0.209559
-0.203767
-0.197953
-0.192117
-0.186264
-0.180396
-0.174516
-0.168628
-0.162735
-0.156839
-0.150943
-0.145051
-0.139165
-0.133288
-0.127423
-0.121572
-0.115739
-0.109926
-0.104136
-0.0983716
-0.0926352
-0.0869296
-0.0812572
-0.0756206
-0.0700222
-0.0644645
-0.0589499
-0.0534807
-0.0480591
-0.0426875
-0.0373681
-0.032103
-0.0268944
-0.0217443
-0.0166548
-0.0116278
-0.00666526
-0.00176908
0.00305891
0.00781693
0.0125032
0.0171161
0.021654
0.0261153
0.0304984
0.0348019
0.0390243
0.0431643
0.0472205
0.0511916
0.0550766
0.058874
0.062583
0.0662023
0.069731
0.0731682
0.0765128
0.0797642
0.0829214
0.0859837
0.0889505
0.0918211
0.0945949
0.0972714
0.0998501
0.102331
0.104712
0.106995
0.109179
0.111264
0.113248
0.115133
0.116919
0.118604
0.12019
0.121676
0.123063
0.12435
0.125538
0.126627
0.127618
0.12851
0.129305
0.130002
0.130603
0.131107
0.131516
0.131829
0.132049
0.132175
0.132207
0.132148
0.131998
0.131757
0.131427
0.131009
0.130503
0.129911
0.129233
0.128471
0.127626
0.126699
0.125692
0.124605
0.12344
0.122198
0.12088
0.119488
0.118024
0.116488
0.114882
0.113207
0.111466
0.109659
0.107789
0.105855
0.103861
0.101808
0.0996977
0.0975311
0.0953102
0.0930367
0.0907124
0.0883388
0.0859177
0.083451
0.0809402
0.0783871
0.0757936
0.0731614
0.0704923
0.067788
0.0650505
0.0622814
0.0594826
0.0566559
0.0538031
0.0509261
0.0480267
0.0451067
0.0421679
0.0392121
0.0362412
0.033257
0.0302613
0.0272559
0.0242426
0.0212233
0.0181996
0.0151735
0.0121466
0.00912083
0.00609782
0.00307937
6.72171e-05
-0.00293692
-0.00593133
-0.0089143
-0.0118842
-0.0148392
-0.0177779
-0.0206985
-0.0235993
-0.0264789
-0.0293356
-0.0321678
-0.034974
-0.0377528
-0.0405024
-0.0432216
-0.0459088
-0.0485626
-0.0511816
-0.0537643
-0.0563095
-0.0588157
-0.0612817
-0.0637061
-0.0660878
-0.0684253
-0.0707177
-0.0729635
-0.0751618
-0.0773113
-0.079411
-0.0814598
-0.0834567
-0.0854006
-0.0872905
-0.0891256
-0.0909048
-0.0926273
-0.0942923
-0.0958989
-0.0974463
-0.0989337
-0.10036
-0.101726
-0.103029
-0.10427
-0.105447
-0.106561
-0.10761
-0.108594
-0.109513
-0.110366
-0.111153
-0.111873
-0.112527
-0.113113
-0.113632
-0.114083
-0.114466
-0.114781
-0.115028
-0.115206
-0.115316
-0.115358
-0.115332
-0.115237
-0.115073
-0.114842
-0.114542
-0.114175
-0.113739
-0.113236
-0.112666
-0.112029
-0.111326
-0.110556
-0.10972
-0.108818
-0.107852
-0.106821
-0.105726
-0.104567
-0.103345
-0.102061
-0.100715
-0.0993082
-0.0978406
-0.0963132
-0.0947267
-0.093082
-0.0913796
-0.0896206
-0.0878056
-0.0859355
-0.0840113
-0.0820337
-0.0800037
-0.0779224
-0.0757905
-0.0736092
-0.0713793
-0.0691021
-0.0667784
-0.0644094
-0.0619961
-0.0595397
-0.0570413
-0.054502
-0.051923
-0.0493055
-0.0466506
-0.0439595
-0.0412335
-0.0384738
-0.0356817
-0.0328583
-0.0300051
-0.0271232
-0.024214
-0.0212788
-0.0183188
-0.0153355
-0.0123301
-0.00930405
-0.00625861
-0.00319518
-0.000115118
0.00298021
0.00608941
0.00921112
0.012344
0.0154865
0.0186374
0.0217953
0.0249586
0.0281262
0.0312965
0.0344681
0.0376398
0.0408099
0.0439773
0.0471404
0.050298
0.0534485
0.0565907
0.0597231
0.0628443
0.0659531
0.0690481
0.0721278
0.075191
0.0782363
0.0812624
0.084268
0.0872517
0.0902123
0.0931485
0.0960589
0.0989424
0.101798
0.104623
0.107418
0.110182
0.112912
0.115607
0.118267
0.120891
0.123477
0.126024
0.12853
0.130996
0.133419
0.1358
0.138136
0.140426
0.142671
0.144868
0.147016
0.149116
0.151165
0.153164
0.15511
0.157004
0.158844
0.16063
0.16236
0.164035
0.165653
0.167213
0.168715
0.170158
0.171542
0.172865
0.174128
0.17533
0.176469
0.177547
0.178561
0.179512
0.180398
0.181221
0.181979
0.182672
0.183299
0.18386
0.184356
0.184785
0.185147
0.185443
0.185671
0.185832
0.185926
0.185952
0.18591
0.185801
0.185624
0.185379
0.185066
0.184686
0.184238
0.183722
0.183139
0.182489
0.181771
0.180986
0.180134
0.179216
0.178231
0.177181
0.176064
0.174883
0.173636
0.172324
0.170948
0.169509
0.168006
0.16644
0.164812
0.163121
0.16137
0.159558
0.157685
0.155753
0.153762
0.151713
0.149606
0.147442
0.145222
0.142947
0.140617
0.138233
0.135796
0.133307
0.130766
0.128175
0.125534
0.122844
0.120106
0.117322
0.114491
0.111615
0.108695
0.105732
0.102727
0.0996804
0.0965941
0.0934687
0.0903054
0.0871052
0.0838693
0.0805986
0.0772944
0.0739577
0.0705898
0.0671916
0.0637645
0.0603095
0.0568278
0.0533206
0.0497892
0.0462347
0.0426583
0.0390612
0.0354447
0.0318099
0.0281582
0.0244908
0.0208088
0.0171137
0.0134065
0.00968859
0.00596122
0.00222564
-0.00151688
-0.00526507
-0.00901766
-0.0127734
-0.016531
-0.0202892
-0.0240467
-0.0278022
-0.0315546
-0.0353024
-0.0390446
-0.0427797
-0.0465065
-0.0502238
-0.0539304
-0.0576249
-0.0613062
-0.0649729
-0.0686239
-0.072258
-0.0758739
-0.0794704
-0.0830463
-0.0866005
-0.0901316
-0.0936386
-0.0971203
-0.100575
-0.104003
-0.107402
-0.11077
-0.114108
-0.117414
-0.120686
-0.123924
-0.127127
-0.130293
-0.133421
-0.136511
-0.139561
-0.142571
-0.145539
-0.148465
-0.151347
-0.154184
-0.156976
-0.159722
-0.16242
-0.16507
-0.167672
-0.170223
-0.172724
-0.175173
-0.177569
-0.179913
-0.182203
-0.184438
-0.186617
-0.188741
-0.190808
-0.192817
-0.194768
-0.196661
-0.198494
-0.200267
-0.20198
-0.203631
-0.205221
-0.206749
-0.208214
-0.209616
-0.210954
-0.212229
-0.213439
-0.214584
-0.215664
-0.216679
-0.217628
-0.21851
-0.219326
-0.220076
-0.220759
-0.221374
-0.221922
-0.222403
-0.222816
-0.223161
-0.223438
-0.223647
-0.223788
-0.223861
-0.223866
-0.223803
-0.223672
-0.223472
-0.223205
-0.22287
-0.222467
-0.221996
-0.221458
-0.220852
-0.22018
-0.21944
-0.218634
-0.217761
-0.216822
-0.215817
-0.214747
-0.213611
-0.212411
-0.211146
-0.209817
-0.208425
-0.206969
-0.20545
-0.203869
-0.202227
-0.200523
-0.198758
-0.196933
-0.195049
-0.193106
-0.191104
-0.189044
-0.186927
-0.184754
-0.182525
-0.180241
-0.177902
-0.17551
-0.173064
-0.170567
-0.168018
-0.165419
-0.162769
-0.160071
-0.157325
-0.154531
-0.15169
-0.148804
-0.145874
-0.142899
-0.139882
-0.136823
-0.133722
-0.130582
-0.127402
-0.124185
-0.12093
-0.117638
-0.114312
-0.110952
-0.107558
-0.104132
-0.100675
-0.0971882
-0.0936722
-0.0901284
-0.0865576
-0.0829611
-0.0793399
-0.075695
-0.0720277
-0.068339
-0.0646299
-0.0609017
-0.0571553
-0.0533921
-0.049613
-0.0458192
-0.0420118
-0.038192
-0.034361
-0.0305197
-0.0266695
-0.0228114
-0.0189466
-0.0150762
-0.0112013
-0.0073232
-0.00344294
0.000438316
0.00431942
0.00819923
0.0120766
0.0159504
0.0198195
0.0236827
0.027539
0.0313871
0.0352261
0.0390546
0.0428717
0.0466763
0.0504671
0.0542431
0.0580033
0.0617465
0.0654716
0.0691776
0.0728634
0.0765279
0.08017
0.0837888
0.0873832
0.0909521
0.0944946
0.0980095
0.101496
0.104953
0.108379
0.111775
0.115137
0.118466
0.121761
0.125021
0.128245
0.131431
0.134579
0.137689
0.140759
0.143788
0.146776
0.149721
0.152624
0.155482
0.158296
0.161064
0.163786
0.166461
0.169089
0.171667
0.174197
0.176677
0.179106
0.181484
0.18381
0.186083
0.188304
0.19047
0.192583
0.19464
0.196643
0.198589
0.200478
0.202311
0.204087
0.205804
0.207463
0.209063
0.210604
0.212085
0.213507
0.214868
0.216168
0.217407
0.218585
0.219702
0.220756
0.221748
0.222678
0.223545
0.22435
0.225091
0.225769
0.226384
0.226936
0.227424
0.227848
0.228209
0.228506
0.228739
0.228908
0.229013
0.229055
0.229033
0.228947
0.228798
0.228584
0.228308
0.227968
0.227565
0.227099
0.22657
0.225978
0.225324
0.224608
0.22383
0.22299
0.222088
0.221126
0.220103
0.219019
0.217875
0.216671
0.215408
0.214086
0.212706
0.211267
0.209771
0.208217
0.206607
0.20494
0.203217
0.20144
0.199607
0.197721
0.19578
0.193787
0.191742
0.189644
0.187495
0.185296
0.183047
0.180749
0.178402
0.176007
0.173565
0.171077
0.168542
0.165963
0.163339
0.160672
0.157962
0.155211
0.152418
0.149584
0.146711
0.1438
0.14085
0.137863
0.13484
0.131782
0.128689
0.125563
0.122404
0.119213
0.115991
0.112739
0.109458
0.106148
0.102812
0.0994488
0.0960604
0.0926475
0.0892112
0.0857522
0.0822717
0.0787706
0.0752498
0.0717104
0.0681532
0.0645793
0.0609897
0.0573854
0.0537673
0.0501364
0.0464938
0.0428405
0.0391774
0.0355055
0.0318259
0.0281396
0.0244475
0.0207507
0.0170502
0.0133469
0.00964193
0.00593626
0.00223088
-0.0014732
-0.00517499
-0.00887347
-0.0125677
-0.0162565
-0.0199392
-0.0236145
-0.0272816
-0.0309394
-0.034587
-0.0382234
-0.0418477
-0.0454588
-0.0490558
-0.0526377
-0.0562037
-0.0597527
-0.0632837
-0.066796
-0.0702885
-0.0737603
-0.0772105
-0.0806382
-0.0840424
-0.0874224
-0.0907772
-0.0941058
-0.0974076
-0.100681
-0.103927
-0.107142
-0.110328
-0.113482
-0.116604
-0.119694
-0.122749
-0.125771
-0.128757
-0.131707
-0.134621
-0.137497
-0.140334
-0.143133
-0.145893
-0.148611
-0.151289
-0.153925
-0.156519
-0.15907
-0.161577
-0.164039
-0.166457
-0.168829
-0.171155
-0.173434
-0.175666
-0.17785
-0.179986
-0.182072
-0.18411
-0.186097
-0.188034
-0.189919
-0.191754
-0.193537
-0.195267
-0.196945
-0.198569
-0.20014
-0.201658
-0.203121
-0.204529
-0.205883
-0.207181
-0.208424
-0.209611
-0.210742
-0.211817
-0.212835
-0.213796
-0.2147
-0.215547
-0.216337
-0.217069
-0.217744
-0.21836
-0.218919
-0.21942
-0.219862
-0.220246
-0.220572
-0.22084
-0.221049
-0.2212
-0.221293
-0.221327
-0.221303
-0.221221
-0.221081
-0.220882
-0.220626
-0.220311
-0.219939
-0.219509
-0.219022
-0.218477
-0.217875
-0.217217
-0.216501
-0.215729
-0.214901
-0.214017
-0.213077
-0.212082
-0.211031
-0.209926
-0.208766
-0.207553
-0.206285
-0.204964
-0.20359
-0.202163
-0.200684
-0.199153
-0.197571
-0.195938
-0.194254
-0.192521
-0.190738
-0.188906
-0.187025
-0.185097
-0.183121
-0.181098
-0.179029
-0.176914
-0.174754
-0.17255
-0.170301
-0.168009
-0.165675
-0.163298
-0.16088
-0.158421
-0.155922
-0.153383
-0.150806
-0.148191
-0.145538
-0.142849
-0.140124
-0.137363
-0.134568
-0.13174
-0.128878
-0.125985
-0.12306
-0.120104
-0.117119
-0.114104
-0.111061
-0.107991
-0.104894
-0.101772
-0.098624
-0.0954522
-0.0922572
-0.0890396
-0.0858005
-0.0825406
-0.0792607
-0.0759619
-0.0726448
-0.0693105
-0.0659597
-0.0625933
-0.0592123
-0.0558175
-0.0524097
-0.0489899
-0.0455591
-0.0421179
-0.0386674
-0.0352085
-0.0317421
-0.028269
-0.0247901
-0.0213064
-0.0178188
-0.0143281
-0.0108352
-0.00734119
-0.0038468
-0.00035298
0.00313937
0.00662935
0.0101161
0.0135986
0.0170761
0.0205477
0.0240124
0.0274693
0.0309177
0.0343565
0.037785
0.0412022
0.0446073
0.0479994
0.0513776
0.0547411
0.058089
0.0614204
0.0647346
0.0680307
0.0713078
0.0745651
0.0778017
0.081017
0.0842099
0.0873799
0.0905259
0.0936473
0.0967432
0.0998129
0.102856
0.10587
0.108857
0.111814
0.114741
0.117637
0.120502
0.123335
0.126134
0.1289
0.131632
0.134329
0.13699
0.139615
0.142202
0.144753
0.147264
0.149737
0.152171
0.154564
0.156917
0.159228
0.161498
0.163725
0.165909
0.16805
0.170146
0.172198
0.174205
0.176167
0.178082
0.179951
0.181773
0.183548
0.185275
0.186953
0.188583
0.190164
0.191695
0.193177
0.194608
0.195989
0.19732
0.198599
0.199826
0.201002
0.202126
0.203198
0.204217
0.205183
0.206096
0.206957
0.207763
0.208517
0.209216
0.209862
0.210453
0.21099
0.211473
0.211902
0.212276
0.212596
0.212861
0.213072
0.213227
0.213329
0.213375
0.213367
0.213304
0.213186
0.213014
0.212787
0.212506
0.212171
0.211781
0.211338
0.21084
0.210289
0.209684
0.209025
0.208313
0.207548
0.20673
0.20586
0.204937
0.203962
0.202935
0.201856
0.200727
0.199546
0.198314
0.197032
0.195701
0.194319
0.192888
0.191409
0.18988
0.188304
0.18668
0.185009
0.183291
0.181527
0.179717
0.177861
0.17596
0.174015
0.172027
0.169994
0.167919
0.165802
0.163643
0.161442
0.159201
0.15692
0.1546
0.15224
0.149843
0.147408
0.144935
0.142427
0.139883
0.137303
0.13469
0.132043
0.129362
0.12665
0.123905
0.12113
0.118325
0.11549
0.112627
0.109735
0.106816
0.103871
0.1009
0.0979035
0.0948832
0.0918394
0.0887729
0.0856846
0.0825751
0.0794454
0.0762961
0.0731281
0.0699423
0.0667394
0.0635202
0.0602856
0.0570364
0.0537734
0.0504974
0.0472094
0.0439101
0.0406003
0.0372809
0.0339529
0.0306169
0.0272738
0.0239246
0.02057
0.0172109
0.0138482
0.0104827
0.00711524
0.00374673
0.000377991
-0.00299011
-0.00635673
-0.009721
-0.0130821
-0.0164391
-0.0197912
-0.0231376
-0.0264774
-0.0298097
-0.0331338
-0.0364487
-0.0397537
-0.0430479
-0.0463304
-0.0496005
-0.0528573
-0.0560999
-0.0593276
-0.0625396
-0.065735
-0.0689131
-0.072073
-0.0752139
-0.078335
-0.0814356
-0.0845149
-0.0875721
-0.0906064
-0.093617
-0.0966032
-0.0995643
-0.1025
-0.105408
-0.108289
-0.111142
-0.113967
-0.116761
-0.119526
-0.12226
-0.124962
-0.127631
-0.130268
-0.132871
-0.13544
-0.137974
-0.140472
-0.142934
-0.14536
-0.147748
-0.150098
-0.152409
-0.154681
-0.156914
-0.159106
-0.161257
-0.163367
-0.165435
-0.167461
-0.169443
-0.171382
-0.173278
-0.175129
-0.176934
-0.178695
-0.18041
-0.182079
-0.183701
-0.185276
-0.186804
-0.188284
-0.189716
-0.191099
-0.192434
-0.193719
-0.194955
-0.196141
-0.197277
-0.198363
-0.199398
-0.200382
-0.201315
-0.202197
-0.203027
-0.203805
-0.204532
-0.205206
-0.205828
-0.206397
-0.206914
-0.207378
-0.20779
-0.208148
-0.208453
-0.208706
-0.208905
-0.209051
-0.209144
-0.209183
-0.20917
-0.209103
-0.208983
-0.208809
-0.208583
-0.208303
-0.207971
-0.207586
-0.207148
-0.206657
-0.206114
-0.205518
-0.20487
-0.204171
-0.203419
-0.202615
-0.201761
-0.200854
-0.199897
-0.198889
-0.197831
-0.196722
-0.195564
-0.194356
-0.193098
-0.191792
-0.190436
-0.189033
-0.187581
-0.186082
-0.184536
-0.182943
-0.181304
-0.179618
-0.177887
-0.176111
-0.174291
-0.172426
-0.170517
-0.168565
-0.166571
-0.164534
-0.162456
-0.160336
-0.158176
-0.155976
-0.153736
-0.151458
-0.149141
-0.146786
-0.144394
-0.141966
-0.139501
-0.137002
-0.134467
-0.131899
-0.129297
-0.126663
-0.123997
-0.121299
-0.118571
-0.115812
-0.113025
-0.110209
-0.107365
-0.104494
-0.101596
-0.0986731
-0.0957251
-0.092753
-0.0897574
-0.0867393
-0.0836993
-0.0806381
-0.0775567
-0.0744558
-0.0713361
-0.0681985
-0.0650437
-0.0618726
-0.0586859
-0.0554845
-0.0522692
-0.0490408
-0.0458001
-0.042548
-0.0392852
-0.0360127
-0.0327311
-0.0294415
-0.0261445
-0.0228411
-0.019532
-0.0162182
-0.0129005
-0.00957963
-0.00625652
-0.00293202
0.000393052
0.00371784
0.0070415
0.0103632
0.0136821
0.0169973
0.020308
0.0236134
0.0269126
0.0302048
0.0334891
0.0367647
0.0400308
0.0432866
0.0465312
0.0497638
0.0529835
0.0561897
0.0593813
0.0625578
0.0657181
0.0688616
0.0719874
0.0750947
0.0781828
0.0812508
0.084298
0.0873237
0.0903269
0.0933071
0.0962634
0.099195
0.102101
0.104981
0.107835
0.11066
0.113458
0.116226
0.118965
0.121674
0.124351
0.126996
0.129609
0.132189
0.134736
0.137247
0.139724
0.142165
0.14457
0.146938
0.149269
0.151561
0.153815
0.156029
0.158204
0.160338
0.162431
0.164483
0.166493
0.168461
0.170385
0.172266
0.174103
0.175896
0.177644
0.179347
0.181003
0.182614
0.184178
0.185696
0.187165
0.188587
0.189962
0.191287
0.192564
0.193792
0.19497
0.196099
0.197177
0.198206
0.199184
0.200111
0.200987
0.201812
0.202585
0.203307
0.203977
0.204595
0.205161
0.205674
0.206135
0.206544
0.2069
0.207203
0.207453
0.207651
0.207795
0.207887
0.207926
0.207911
0.207844
0.207724
0.20755
0.207324
0.207045
0.206713
0.206329
0.205892
0.205402
0.20486
0.204266
0.20362
0.202922
0.202172
0.201371
0.200518
0.199614
0.19866
0.197654
0.196599
0.195493
0.194337
0.193132
0.191878
0.190574
0.189223
0.187822
0.186374
0.184879
0.183336
0.181747
0.180111
0.178429
0.176702
0.17493
0.173113
0.171252
0.169348
0.1674
0.165409
0.163377
0.161302
0.159187
0.157031
0.154835
0.152599
0.150325
0.148012
0.145661
0.143274
0.140849
0.138389
0.135894
0.133363
0.130799
0.128202
0.125572
0.122909
0.120216
0.117491
0.114737
0.111953
0.109141
0.106301
0.103434
0.100541
0.0976217
0.0946776
0.0917094
0.0887178
0.0857035
0.0826674
0.0796101
0.0765325
0.0734354
0.0703196
0.0671857
0.0640348
0.0608674
0.0576845
0.0544869
0.0512754
0.0480508
0.0448138
0.0415655
0.0383065
0.0350377
0.0317599
0.0284741
0.0251809
0.0218813
0.0185761
0.0152661
0.0119522
0.0086352
0.005316
0.00199541
-0.00132571
-0.00464651
-0.00796616
-0.0112838
-0.0145986
-0.0179097
-0.0212162
-0.0245174
-0.0278123
-0.0311002
-0.0343801
-0.0376513
-0.0409129
-0.0441641
-0.0474041
-0.050632
-0.053847
-0.0570482
-0.060235
-0.0634064
-0.0665616
-0.0696999
-0.0728204
-0.0759224
-0.079005
-0.0820675
-0.085109
-0.0881289
-0.0911263
-0.0941004
-0.0970506
-0.099976
-0.102876
-0.10575
-0.108596
-0.111415
-0.114206
-0.116967
-0.119699
-0.1224
-0.12507
-0.127708
-0.130313
-0.132885
-0.135424
-0.137927
-0.140396
-0.142829
-0.145225
-0.147584
-0.149905
-0.152189
-0.154433
-0.156638
-0.158803
-0.160928
-0.163011
-0.165053
-0.167052
-0.169009
-0.170923
-0.172794
-0.17462
-0.176401
-0.178138
-0.179829
-0.181474
-0.183073
-0.184625
-0.18613
-0.187587
-0.188997
-0.190358
-0.19167
-0.192934
-0.194148
-0.195313
-0.196428
-0.197493
-0.198507
-0.199471
-0.200384
-0.201245
-0.202055
-0.202814
-0.20352
-0.204175
-0.204777
-0.205328
-0.205825
-0.206271
-0.206663
-0.207003
-0.207289
-0.207523
-0.207704
-0.207832
-0.207906
-0.207928
-0.207896
-0.207811
-0.207674
-0.207483
-0.207239
-0.206942
-0.206592
-0.206189
-0.205734
-0.205226
-0.204665
-0.204053
-0.203388
-0.202671
-0.201902
-0.201082
-0.20021
-0.199287
-0.198314
-0.197289
-0.196214
-0.195089
-0.193914
-0.192689
-0.191415
-0.190092
-0.188721
-0.187301
-0.185834
-0.184319
-0.182756
-0.181147
-0.179492
-0.177791
-0.176044
-0.174252
-0.172416
-0.170535
-0.168611
-0.166644
-0.164634
-0.162582
-0.160489
-0.158354
-0.156179
-0.153964
-0.151709
-0.149416
-0.147084
-0.144715
-0.142309
-0.139866
-0.137387
-0.134874
-0.132326
-0.129743
-0.127128
-0.12448
-0.121801
-0.11909
-0.116348
-0.113577
-0.110777
-0.107948
-0.105092
-0.102209
-0.0992993
-0.0963644
-0.0934049
-0.0904214
-0.0874148
-0.0843857
-0.081335
-0.0782635
-0.0751719
-0.072061
-0.0689317
-0.0657846
-0.0626207
-0.0594408
-0.0562455
-0.0530359
-0.0498126
-0.0465765
-0.0433284
-0.0400693
-0.0367998
-0.0335208
-0.0302332
-0.0269379
-0.0236356
-0.0203271
-0.0170135
-0.0136954
-0.0103738
-0.00704943
-0.00372323
-0.000396023
0.00293134
0.00625801
0.00958313
0.0129059
0.0162253
0.0195407
0.0228512
0.0261558
0.0294539
0.0327444
0.0360266
0.0392997
0.0425627
0.045815
0.0490555
0.0522836
0.0554983
0.0586989
0.0618846
0.0650544
0.0682077
0.0713436
0.0744612
0.0775599
0.0806388
0.0836971
0.0867341
0.0897489
0.0927408
0.095709
0.0986528
0.101571
0.104464
0.10733
0.110169
0.112979
0.115761
0.118513
0.121234
0.123925
0.126584
0.129211
0.131805
0.134365
0.13689
0.139381
0.141836
0.144255
0.146637
0.148982
0.151288
0.153556
0.155784
0.157973
0.160121
0.162229
0.164295
0.166318
0.1683
0.170238
0.172133
0.173984
0.17579
0.177551
0.179267
0.180937
0.182561
0.184138
0.185668
0.187151
0.188586
0.189972
0.19131
0.192599
0.193839
0.195029
0.196169
0.197259
0.198298
0.199287
0.200225
0.201112
0.201947
0.20273
0.203462
0.204142
0.204769
0.205344
0.205866
0.206336
0.206753
0.207117
0.207428
0.207686
0.207891
0.208043
0.208141
0.208186
0.208178
0.208117
0.208002
0.207834
0.207613
0.207339
0.207012
0.206631
0.206198
0.205712
0.205174
0.204582
0.203939
0.203243
0.202496
0.201696
0.200845
0.199942
0.198989
0.197984
0.196928
0.195823
0.194667
0.193461
0.192206
0.190901
0.189548
0.188146
0.186696
0.185198
0.183653
0.18206
0.180421
0.178736
0.177005
0.175229
0.173408
0.171542
0.169633
0.16768
0.165684
0.163646
0.161566
0.159444
0.157282
0.155079
0.152837
0.150555
0.148235
0.145877
0.143481
0.141049
0.138581
0.136077
0.133538
0.130965
0.128359
0.12572
0.123048
0.120345
0.117611
0.114847
0.112053
0.109231
0.106381
0.103504
0.1006
0.0976698
0.094715
0.091736
0.0887334
0.085708
0.0826607
0.0795922
0.0765033
0.0733948
0.0702674
0.067122
0.0639594
0.0607804
0.0575858
0.0543765
0.0511532
0.0479167
0.044668
0.0414077
0.0381369
0.0348562
0.0315666
0.0282689
0.0249639
0.0216525
0.0183355
0.0150138
0.0116882
0.00835956
0.00502876
0.00169664
-0.00163595
-0.00496815
-0.00829911
-0.011628
-0.0149539
-0.018276
-0.0215935
-0.0249055
-0.0282112
-0.0315096
-0.0348001
-0.0380816
-0.0413534
-0.0446147
-0.0478646
-0.0511023
-0.0543269
-0.0575376
-0.0607336
-0.0639141
-0.0670783
-0.0702254
-0.0733544
-0.0764648
-0.0795556
-0.082626
-0.0856754
-0.0887028
-0.0917075
-0.0946888
-0.0976459
-0.100578
-0.103484
-0.106364
-0.109217
-0.112042
-0.114838
-0.117605
-0.120341
-0.123047
-0.125721
-0.128364
-0.130973
-0.133549
-0.136091
-0.138598
-0.141069
-0.143504
-0.145903
-0.148264
-0.150588
-0.152872
-0.155118
-0.157324
-0.15949
-0.161615
-0.163698
-0.16574
-0.167739
-0.169695
-0.171608
-0.173477
-0.175302
-0.177081
-0.178816
-0.180504
-0.182147
-0.183743
-0.185291
-0.186793
-0.188246
-0.189651
-0.191008
-0.192316
-0.193575
-0.194784
-0.195943
-0.197052
-0.198111
-0.199119
-0.200076
-0.200981
-0.201836
-0.202638
-0.203389
-0.204088
-0.204734
-0.205328
-0.20587
-0.206358
-0.206794
-0.207177
-0.207507
-0.207784
-0.208008
-0.208178
-0.208295
-0.208359
-0.208369
-0.208326
-0.20823
-0.20808
-0.207877
-0.207621
-0.207312
-0.20695
-0.206534
-0.206066
-0.205545
-0.204971
-0.204345
-0.203667
-0.202936
-0.202154
-0.201319
-0.200434
-0.199496
-0.198508
-0.197469
-0.196379
-0.195239
-0.194049
-0.19281
-0.191521
-0.190183
-0.188796
-0.187361
-0.185878
-0.184347
-0.182769
-0.181145
-0.179473
-0.177756
-0.175994
-0.174186
-0.172334
-0.170438
-0.168498
-0.166514
-0.164489
-0.162421
-0.160311
-0.158161
-0.155969
-0.153738
-0.151468
-0.149159
-0.146811
-0.144426
-0.142004
-0.139546
-0.137052
-0.134523
-0.131959
-0.129361
-0.126731
-0.124068
-0.121373
-0.118647
-0.115891
-0.113105
-0.11029
-0.107446
-0.104576
-0.101678
-0.0987546
-0.0958057
-0.0928323
-0.0898351
-0.0868148
-0.0837724
-0.0807084
-0.0776238
-0.0745193
-0.0713957
-0.0682539
-0.0650945
-0.0619185
-0.0587265
-0.0555196
-0.0522984
-0.0490638
-0.0458166
-0.0425577
-0.0392879
-0.036008
-0.0327188
-0.0294213
-0.0261163
-0.0228045
-0.0194869
-0.0161643
-0.0128375
-0.00950745
-0.00617493
-0.00284083
0.000494014
0.00382874
0.0071625
0.0104944
0.0138237
0.0171494
0.0204708
0.0237869
0.027097
0.0304001
0.0336954
0.0369822
0.0402594
0.0435264
0.0467822
0.0500261
0.0532572
0.0564746
0.0596776
0.0628654
0.066037
0.0691918
0.0723288
0.0754473
0.0785465
0.0816257
0.0846839
0.0877204
0.0907345
0.0937254
0.0966923
0.0996344
0.102551
0.105441
0.108305
0.111141
0.113948
0.116726
0.119474
0.122192
0.124878
0.127532
0.130154
0.132742
0.135297
0.137817
0.140301
0.14275
0.145162
0.147537
0.149874
0.152172
0.154432
0.156652
0.158833
0.160972
0.16307
0.165127
0.167141
0.169112
0.171041
0.172925
0.174765
0.17656
0.178311
0.180015
0.181674
0.183285
0.18485
0.186368
0.187838
0.18926
0.190633
0.191958
0.193233
0.194459
0.195635
0.196761
0.197837
0.198862
0.199836
0.200759
0.201631
0.202451
0.203219
0.203935
0.204599
0.205211
0.205769
0.206276
0.206729
0.20713
0.207477
0.207772
0.208013
0.208201
0.208335
0.208417
0.208444
0.208419
0.20834
0.208208
0.208023
0.207784
0.207492
0.207147
0.206749
0.206298
0.205794
0.205237
0.204628
0.203967
0.203253
0.202487
0.20167
0.2008
0.19988
0.198908
0.197885
0.196812
0.195688
0.194514
0.19329
0.192017
0.190695
0.189323
0.187904
0.186436
0.18492
0.183357
0.181748
0.180091
0.178389
0.176641
0.174847
0.173009
0.171127
0.1692
0.167231
0.165218
0.163164
0.161067
0.15893
0.156751
0.154533
0.152274
0.149977
0.147642
0.145269
0.142858
0.140411
0.137928
0.13541
0.132857
0.130269
0.127649
0.124996
0.122311
0.119594
0.116847
0.114071
0.111264
0.10843
0.105567
0.102678
0.0997621
0.0968209
0.0938548
0.0908647
0.0878513
0.0848155
0.0817579
0.0786794
0.0755807
0.0724627
0.0693262
0.0661719
0.0630006
0.0598132
0.0566105
0.0533933
0.0501624
0.0469187
0.043663
0.0403961
0.0371188
0.0338321
0.0305366
0.0272334
0.0239232
0.0206068
0.0172852
0.0139592
0.0106295
0.00729718
0.00396296
0.000627728
-0.00270767
-0.00604237
-0.00937553
-0.0127063
-0.0160338
-0.0193572
-0.0226756
-0.0259883
-0.0292943
-0.0325928
-0.0358829
-0.0391639
-0.0424348
-0.0456949
-0.0489433
-0.0521791
-0.0554016
-0.0586099
-0.0618032
-0.0649807
-0.0681415
-0.0712849
-0.07441
-0.0775161
-0.0806024
-0.083668
-0.0867122
-0.0897342
-0.0927332
-0.0957085
-0.0986592
-0.101585
-0.104484
-0.107357
-0.110202
-0.113019
-0.115807
-0.118566
-0.121294
-0.123991
-0.126656
-0.129289
-0.131889
-0.134455
-0.136987
-0.139483
-0.141944
-0.144369
-0.146756
-0.149106
-0.151418
-0.153691
-0.155924
-0.158118
-0.160271
-0.162384
-0.164454
-0.166483
-0.168469
-0.170412
-0.172311
-0.174166
-0.175976
-0.177742
-0.179462
-0.181135
-0.182763
-0.184344
-0.185877
-0.187363
-0.188801
-0.190191
-0.191532
-0.192824
-0.194067
-0.19526
-0.196403
-0.197495
-0.198537
-0.199528
-0.200469
-0.201357
-0.202195
-0.20298
-0.203714
-0.204395
-0.205024
-0.205601
-0.206125
-0.206596
-0.207014
-0.20738
-0.207692
-0.207951
-0.208157
-0.208309
-0.208408
-0.208454
-0.208446
-0.208385
-0.208271
-0.208104
-0.207883
-0.207609
-0.207281
-0.206901
-0.206468
-0.205982
-0.205443
-0.204851
-0.204207
-0.203511
-0.202763
-0.201962
-0.201111
-0.200207
-0.199252
-0.198247
-0.19719
-0.196083
-0.194926
-0.193719
-0.192463
-0.191157
-0.189802
-0.188399
-0.186947
-0.185447
-0.1839
-0.182306
-0.180666
-0.178979
-0.177246
-0.175468
-0.173644
-0.171777
-0.169865
-0.16791
-0.165912
-0.163872
-0.161789
-0.159666
-0.157501
-0.155296
-0.153051
-0.150767
-0.148444
-0.146084
-0.143686
-0.141251
-0.13878
-0.136273
-0.133732
-0.131157
-0.128547
-0.125905
-0.123231
-0.120525
-0.117788
-0.115022
-0.112225
-0.1094
-0.106547
-0.103667
-0.10076
-0.0978273
-0.0948696
-0.0918876
-0.0888821
-0.0858538
-0.0828036
-0.0797321
-0.0766403
-0.0735288
-0.0703985
-0.0672502
-0.0640847
-0.0609027
-0.0577052
-0.0544929
-0.0512667
-0.0480273
-0.0447756
-0.0415125
-0.0382388
-0.0349552
-0.0316627
-0.0283621
-0.0250543
-0.02174
-0.0184202
-0.0150957
-0.0117673
-0.00843585
-0.00510228
-0.0017674
0.00156793
0.00490285
0.00823652
0.0115681
0.0148967
0.0182215
0.0215416
0.0248562
0.0281644
0.0314654
0.0347584
0.0380424
0.0413168
0.0445805
0.0478328
0.0510729
0.0542999
0.057513
0.0607114
0.0638942
0.0670607
0.07021
0.0733413
0.0764539
0.0795469
0.0826195
0.0856709
0.0887005
0.0917073
0.0946906
0.0976497
0.100584
0.103492
0.106374
0.109229
0.112055
0.114853
0.117622
0.12036
0.123068
0.125744
0.128388
0.130999
0.133576
0.13612
0.138628
0.141101
0.143538
0.145938
0.148301
0.150626
0.152912
0.155159
0.157366
0.159533
0.16166
0.163745
0.165787
0.167788
0.169745
0.17166
0.17353
0.175355
0.177136
0.178872
0.180561
0.182205
0.183801
0.185351
0.186853
0.188308
0.189714
0.191072
0.192381
0.19364
0.19485
0.19601
0.19712
0.198179
0.199188
0.200146
0.201052
0.201907
0.20271
0.203462
0.204161
0.204808
0.205403
0.205945
0.206434
0.20687
0.207254
0.207584
0.207862
0.208086
0.208256
0.208374
0.208438
0.208449
0.208406
0.20831
0.208161
0.207959
0.207703
0.207394
0.207032
0.206617
0.206149
0.205628
0.205055
0.204429
0.203751
0.20302
0.202238
0.201404
0.200518
0.199581
0.198593
0.197554
0.196465
0.195325
0.194135
0.192896
0.191607
0.190269
0.188882
0.187447
0.185964
0.184434
0.182856
0.181231
0.17956
0.177843
0.176081
0.174273
0.172421
0.170525
0.168585
0.166602
0.164576
0.162508
0.160399
0.158248
0.156057
0.153826
0.151556
0.149246
0.146899
0.144514
0.142092
0.139634
0.13714
0.13461
0.132047
0.129449
0.126818
0.124155
0.121461
0.118735
0.115978
0.113192
0.110377
0.107534
0.104663
0.101765
0.0988418
0.0958928
0.0929194
0.0899221
0.0869018
0.0838592
0.0807952
0.0777105
0.0746059
0.0714822
0.0683402
0.0651808
0.0620046
0.0588126
0.0556055
0.0523842
0.0491494
0.0459021
0.0426431
0.0393731
0.036093
0.0328037
0.029506
0.0262008
0.0228889
0.0195711
0.0162482
0.0129213
0.00959099
0.00625825
0.00292392
-0.000411158
-0.00374613
-0.00708015
-0.0104123
-0.0137419
-0.0170679
-0.0203895
-0.023706
-0.0270163
-0.0303197
