Macierz A:
        0.500000         0.333333         0.250000         0.200000 
        0.333333         0.250000         0.200000         0.166667 
        0.250000         0.200000         0.166667         0.142857 
        0.200000         0.166667         0.142857         0.125000 

Macierz L:
        1.000000         0.000000         0.000000         0.000000 
        2.500000         1.000000         0.000000         0.000000 
        1.666667         0.333333         1.000000         0.000000 
        1.250000         0.100000         0.499997         1.000000 

Macierz U:
        0.200000         0.166667         0.142857         0.125000 
        0.000000        -0.083333        -0.107143        -0.112500 
        0.000000         0.000000        -0.002381        -0.004167 
        0.000000         0.000000         0.000000        -0.000060 

Elementy diagonalne U:
0.200000	-0.083333	-0.002381	-0.000060	
det[A]: -2.362156* 10^(-9)

Macierz A^(-1):
      199.991684     -1199.946899      2099.904785     -1119.950562 
    -1199.939941      8099.618164    -15119.332031      8399.648438 
     2099.883057    -15119.261719     29398.708984    -16799.320312 
    -1119.933228      8399.580078    -16799.265625      9799.614258 

Macierz A * A^(-1):
        0.999985         0.000000        -0.000977         0.000244 
       -0.000015         1.000000        -0.000732         0.000244 
        0.000000         0.000122         0.999756         0.000244 
        0.000000         0.000000         0.000000         1.000000 

