-0.00719188
-0.00719188
0.0503346
0.338334
0.741583
0.443592
-0.717472
-0.648271
-0.589161
-0.00158181
0.377076
0.920939
0.761921
0.182153
0.0524432
0.506032
-0.0173017
-1.34677
-0.868234
-0.71407
-1.44831
-1.03797
-0.455774
-0.623613
0.124908
0.0783272
0.262162
0.123588
-0.626402
-0.808021
-0.344478
0.0130557
0.489042
0.359979
0.724391
0.9541
0.944394
0.705452
0.984147
0.632752
0.531802
0.225154
-0.28513
0.253177
-0.014984
-0.00546193
0.141531
-0.364756
0.258684
0.763725
0.219154
0.22423
-0.512181
-0.227973
-0.163643
0.0879938
-0.057995
0.0778845
-0.0222231
0.57571
0.952199
0.93741
0.529905
0.882252
0.653077
0.141486
-0.0801758
0.0316495
0.0465962
-0.103023
0.0685512
-0.294926
-0.867012
-0.961125
-0.598661
0.118064
-0.480047
-0.207603
-0.712574
-0.755856
-0.759998
-0.487153
-0.984019
-0.686394
-0.534056
-0.017763
0.610593
0.908799
0.361537
-0.109369
0.0263261
0.00338575
0.0733977
0.0503137
-0.226419
-0.315904
0.119221
-0.213875
-0.0184612
-0.042201
-0.183986
-0.00229823
-0.606374
-0.0283085
-0.780484
-0.835225
-0.31517
0.147603
0.583825
0.352642
-0.545162
-0.847853
-0.0264776
-0.00435749
-0.215788
-0.864284
-0.769127
-0.0841399
0.191775
-0.136862
0.402128
0.501985
-0.13733
0.168706
-0.474159
-0.721225
-0.22122
-0.22122
-0.324673
-0.572825
-0.0686184
-0.564472
-0.414842
-0.199711
0.602453
-0.174646
0.513484
0.462775
0.0334497
0.0605229
0.769739
0.877263
0.505373
0.982581
0.99448
0.686573
0.335514
0.804888
0.997017
0.800828
0.680363
0.00379748
-0.254071
-0.196105
-0.0593171
-0.180249
-0.241861
0.436497
0.759792
0.161224
-0.0717813
-0.579224
-0.163194
0.202303
0.277682
0.654535
0.167643
0.58355
-0.15709
-0.515608
-0.949081
-0.484923
0.0940807
-0.249621
-0.598905
-0.598905
-0.743706
0.0529483
-0.385991
0.38685
0.885653
0.931837
0.168388
-0.641878
-0.19446
0.111108
-0.105815
-0.239596
0.0864426
0.0240336
0.0701828
0.744166
0.414507
0.366252
0.663263
0.380619
0.852302
0.521875
0.125617
0.470733
0.356896
0.162266
-0.302141
-0.150224
-0.365837
-1.54871
-0.544978
0.344767
-0.0142867
-0.200673
-0.118941
0.0783266
0.210159
0.340428
-0.11667
-1.12355
-1.92303
-1.53858
-0.628452
-1.20499
-0.290309
-0.375117
-0.00170714
0.293285
0.608226
0.357426
-0.650822
-1.20808
-0.119374
-0.119374
0.0331713
-0.468623
-0.264444
0.132461
0.132461
0.34485
-0.0426984
-0.150894
-0.0653239
-0.975027
-1.42227
-0.0744043
0.110192
-0.0755021
0.10605
0.138589
-0.259679
-0.259679
0.251342
0.170297
0.807598
0.938143
0.415414
0.00589016
-0.519561
-0.0124149
0.469021
0.431765
-0.722816
-0.475435
-0.475435
-1.29302
-1.98041
-1.98041
-1.98041
-1.65484
-1.56617
-1.56617
-1.03464
-0.0827766
-0.0827766
-0.016622
0.0562947
0.0347003
-0.106487
-0.246085
-0.246085
-0.632802
-0.973241
-0.88175
-0.771517
-0.186015
-0.303015
-0.641429
-0.210044
-0.603065
-0.290969
0.037375
-0.661486
-0.500619
-0.794501
-0.946583
-0.487416
-0.879139
-0.730125
-0.576761
-0.220364
-0.844798
-0.633953
-0.642177
-0.815934
-0.0881396
-0.0476231
-0.798884
-0.278676
0.0319145
0.0319145
-0.106598
0.0188497
0.567877
0.104588
0.104588
0.0736795
0.0161325
0.0307761
-0.554405
-0.554405
-0.832291
-0.439542
-0.439542
-0.00385445
-0.105014
0.59689
0.677182
0.741665
0.972545
0.3802
0.31865
-0.181373
-0.385385
-0.748665
-0.833944
-0.851604
-0.133468
0.109634
0.790077
0.604575
-0.147417
-0.167296
-0.109052
-0.109052
-0.12752
0.709235
0.983537
0.976614
0.673494
0.673494
-0.156532
-0.0513355
-0.0513355
-0.354491
-1.09817
-1.37182
-0.156893
0.605428
-0.24879
-0.910615
-1.89223
-1.89223
-1.89223
-1.89223
-1.75877
-1.75877
-1.89589
-1.17174
-1.17174
-1.17174
-0.970351
-0.970351
-0.578126
-1.39581
-0.683755
0.371054
-0.779477
-0.779477
-1.59972
-0.294603
-0.82096
-0.860436
0.00913621
-0.0239672
-0.09404
-0.023721
-0.017331
0.128742
-0.320893
-0.638606
-1.32209
-1.01749
-0.31033
-0.31033
-0.31033
0.113008
0.474611
-0.182468
-0.182468
0.273247
-0.387316
-0.922044
-0.683957
-0.656572
0.0796788
-0.402915
0.0636128
-1.23391
-1.23391
-1.41111
-1.35723
-1.35723
-1.93577
-1.93577
-1.93577
-1.93577
-1.93577
-1.38284
-1.1182
-0.505898
-0.505898
0.066248
-0.00220895
-0.00220895
-0.00220895
0.110042
0.585234
0.585234
0.905752
0.17946
-0.590629
-0.862563
-0.800832
-0.346025
-0.804236
-0.961378
-0.961378
-0.961378
-0.754665
-0.101721
-0.139951
-0.139951
-0.156383
-0.00680462
0.252966
0.252966
-0.247562
-0.247562
0.0497337
-0.0117184
0.144005
0.421167
0.504242
0.457914
-0.369319
-0.369319
0.0806605
-1.0627
-0.821758
-1.05544
-0.665803
-1.36831
-0.407555
-1.85667
-1.85667
-1.92293
-1.92293
-1.59994
-1.65364
-1.65364
-1.65364
-1.65364
-1.65364
-1.62636
-1.62636
-1.62636
-1.62636
-1.4189
-1.85733
-1.85733
-1.62975
-1.07172
-1.54585
-1.54585
-1.54585
-1.54585
-1.54585
-1.37707
-1.81472
-1.89286
-1.89286
-1.89286
-1.9412
-1.12848
-1.95602
-1.95602
-1.46515
-1.38695
-1.34407
-1.34407
-1.19561
-1.19561
-1.19561
-1.19561
-1.34293
-1.76121
-1.76121
-1.76121
-1.76121
-1.76121
-1.76121
-1.74168
-1.74168
-1.74168
-1.74168
-1.74168
-1.74168
-1.74168
-1.74168
-1.74168
-1.74168
-1.74168
-1.74168
-1.74168
-1.74168
-1.94711
-1.94711
-1.94711
-1.94711
-1.94711
-1.94711
-1.94711
-1.94711
-1.94711
-1.94711
-1.51424
-1.51424
-1.51424
-1.76279
-1.76279
-1.76279
-1.74693
-1.74693
-1.74693
-1.74693
-1.74693
-1.74693
-1.74693
-1.74693
-1.74693
-1.74693
-1.74693
-1.768
-1.768
-1.74054
-1.82377
-1.80707
-1.80707
-1.80707
-1.49992
-1.49992
-1.49992
-1.49992
-1.49992
-1.49992
-1.49992
-1.49992
-1.49992
-1.90118
-1.90118
-1.90118
-1.90118
-1.90118
-1.90118
-1.90118
-1.90118
-1.63607
-1.67585
-1.92365
-1.92365
-1.92365
-1.92365
-1.92365
-1.20816
-1.41504
-1.41504
-1.41504
-1.41504
-1.41504
-1.41504
-1.18301
-1.52978
-1.52978
-1.71902
-1.47254
-1.79792
-1.79792
-1.79792
-1.79792
-1.79792
-1.96941
-1.96941
-1.96941
-1.96941
-1.96941
-1.96941
-1.96941
-1.96941
-1.96941
-1.96941
-1.96941
-1.96941
-1.59785
-1.81846
-1.67173
-1.67173
-1.67173
-1.67173
-1.67173
-1.67173
-1.67173
-1.85704
-1.76493
-1.48608
-1.48608
-1.48608
-1.48608
-1.58019
-1.79324
-1.76521
-1.76521
-1.76521
-1.76521
-1.44593
-1.37602
-1.37602
-1.94298
-1.94298
-1.94298
-1.94298
-1.94298
-1.54309
-1.54309
-1.54309
-1.54309
-1.54309
-1.56129
-1.56296
-1.56296
-1.56296
-1.56296
-1.56296
-1.56296
-1.82771
-1.82771
-1.82771
-1.82771
-1.82771
-1.87207
-1.81533
-1.81533
-1.81533
-1.81533
-1.81533
-1.73374
-1.73374
-1.73374
-1.73374
-1.73374
-1.73374
-1.73374
-1.89568
-1.89568
-1.89568
-1.89056
-1.89056
-1.89056
-1.89056
-1.89056
-1.89056
-1.89056
-1.89056
-1.89056
-1.89056
-1.89056
-1.89056
-1.54317
-1.54317
-1.54317
-1.54317
-1.54317
-1.54317
-1.54317
-1.54317
-1.54317
-1.54317
-1.54317
-1.54317
-1.88638
-1.88638
-1.88638
-1.88638
-1.84927
-1.84927
-1.84927
-1.84927
-1.84927
-1.84927
-1.84927
-1.84927
-1.84927
-1.84927
-1.84927
-1.94704
-1.94704
-1.94704
-1.94704
-1.94704
-1.94704
-1.94704
-1.94704
-1.94704
-1.94704
-1.94704
-1.94704
-1.94704
-1.94704
-1.94704
-1.94704
-1.94704
-1.94704
-1.94704
-1.94704
-1.94704
-1.94704
-1.95544
-1.66552
-1.65857
-1.76504
-1.76504
-1.78175
-1.90018
-1.90018
-1.90018
-1.90018
-1.90018
-1.90018
-1.90018
-1.90018
-1.90018
-1.90018
-1.90018
-1.90018
-1.90018
-1.90018
-1.90018
-1.90018
-1.90018
-1.90297
-1.90297
-1.90297
-1.90297
-1.90297
-1.90297
-1.90297
-1.90297
-1.90297
-1.90297
-1.90297
-1.90297
-1.90297
-1.90297
-1.90297
-1.90297
-1.90297
-1.90297
-1.90297
-1.90297
-1.90297
-1.90297
-1.90297
-1.90297
-1.90297
-1.90297
-1.90297
-1.90297
-1.90297
-1.90297
-1.90297
-1.90297
-1.90297
-1.90297
-1.90297
-1.75573
-1.75573
-1.75573
-1.71768
-1.86714
-1.86714
-1.86714
-1.86714
-1.86714
-1.76774
-1.6064
-1.6064
-1.6064
-1.98981
-1.98981
-1.98981
-1.98981
-1.98981
-1.98981
-1.98981
-1.98981
-1.98981
-1.98981
-1.98981
-1.98981
-1.98981
-1.98981
-1.98981
-1.98981
-1.98981
-1.98981
-1.98981
-1.98205
-1.98205
-1.98205
-1.98205
-1.98205
-1.98205
-1.98205
-1.98205
-1.98205
-1.98205
-1.98205
-1.98205
-1.98205
-1.98205
-1.98205
-1.98205
-1.98205
-1.98205
-1.98205
-1.98205
-1.98205
-1.98205
-1.98205
-1.98205
-1.98205
-1.98205
-1.98205
-1.98205
-1.98205
-1.98447
-1.98447
-1.98447
-1.98447
-1.98447
-1.98447
-1.98447
-1.98447
-1.98447
-1.98447
-1.98447
-1.98447
-1.98447
-1.98447
-1.98447
-1.98447
-1.98447
-1.98447
-1.98447
-1.98447
-1.98447
-1.98447
-1.98447
-1.98447
-1.98447
-1.98447
-1.98447
-1.98447
-1.98447
-1.98447
-1.98447
-1.98447
-1.98447
-1.98447
-1.98447
-1.98447
-1.98447
-1.98447
-1.98447
-1.98447
-1.98447
-1.98447
-1.98447
-1.98447
-1.98447
-1.98447
-1.98447
-1.98447
-1.98447
-1.98447
-1.98447
-1.98447
-1.98447
-1.98447
-1.98447
-1.98447
-1.98447
-1.98447
-1.98447
-1.98447
-1.98447
-1.98447
-1.98447
-1.98447
-1.98447
-1.98447
-1.98447
-1.98447
-1.98447
-1.98447
-1.98447
-1.98447
-1.98447
-1.98447
-1.98447
-1.98447
-1.98447
-1.98447
-1.98447
-1.98447
-1.98447
-1.98447
-1.98447
-1.98447
-1.98447
-1.98447
-1.98447
-1.98447
-1.98447
-1.98447
-1.98447
-1.98447
-1.98447
-1.98447
-1.98447
-1.98447
-1.99298
-1.99298
-1.99298
-1.99298
-1.99298
-1.99298
-1.99298
-1.99298
-1.99298
-1.99206
-1.99206
-1.99206
-1.99206
-1.99206
-1.99206
-1.99206
-1.99206
-1.99206
-1.99206
-1.99206
-1.99206
-1.99206
-1.99206
-1.99206
-1.99206
-1.99206
-1.99206
-1.99206
-1.99206
-1.99206
-1.99206
-1.99206
-1.99206
-1.99206
-1.99206
-1.99206
-1.99206
-1.99206
-1.99206
-1.99206
-1.99206
-1.99206
-1.99206
-1.99206
-1.99206
-1.99206
-1.99206
-1.99206
-1.99206
-1.99206
-1.99206
-1.99206
-1.99206
-1.99206
-1.99206
-1.99206
-1.99206
-1.99206
-1.99206
-1.99206
-1.99206
-1.99206
-1.99206
-1.99206
-1.99206
-1.99206
-1.99206
-1.99206
-1.99206
-1.99206
-1.99206
-1.99395
-1.99395
-1.99395
-1.99395
-1.99395
-1.99395
-1.99395
-1.99395
-1.99395
-1.99395
-1.99395
-1.99395
-1.99395
-1.99395
-1.99395
-1.99395
-1.99395
-1.99395
-1.99395
-1.99395
-1.99395
-1.99395
-1.99395
-1.99395
-1.99395
-1.99395
-1.99395
-1.99395
-1.99395
-1.99395
-1.99395
-1.99395
-1.99395
-1.99395
-1.99395
-1.99395
-1.99395
-1.99395
-1.99395
-1.99395
-1.99395
-1.99395
-1.99395
-1.99395
-1.99395
-1.99395
-1.99395
-1.99395
-1.99395
-1.99395
-1.99395
-1.99395
-1.99395
-1.99395
-1.99395
-1.99395
-1.99395
-1.99395
-1.99395
-1.99395
-1.99395
-1.99395
-1.99395
-1.99395
-1.99395
-1.99395
-1.99395
-1.99395
-1.99395
-1.99395
-1.99395
-1.99395
-1.99395
-1.99395
-1.99395
-1.99395
-1.99395
-1.99395
-1.99395
-1.99395
-1.99395
-1.99395
-1.99395
-1.99395
-1.99395
-1.99395
-1.99395
-1.99395
-1.99395
-1.99395
-1.99395
-1.99395
-1.99395
-1.99395
-1.99395
-1.99395
-1.99395
-1.99395
-1.99395
-1.99395
-1.99395
-1.99395
-1.99395
-1.99395
-1.99395
-1.99395
-1.99395
-1.99395
-1.99395
-1.99395
-1.99395
-1.99395
-1.99395
-1.99395
-1.98902
-1.98902
-1.98902
-1.98902
-1.98902
-1.98902
-1.98902
-1.98902
-1.98902
-1.98902
-1.98902
-1.98902
-1.98902
-1.98902
-1.98902
-1.98902
-1.98902
-1.98902
-1.98902
-1.98902
-1.98902
-1.98902
-1.98902
-1.98902
-1.98902
-1.98902
-1.98902
-1.98902
-1.98902
-1.98902
-1.98902
-1.98902
-1.98902
-1.98902
-1.98902
-1.98902
-1.98902
-1.98902
-1.98902
-1.98902
-1.98902
-1.98902
-1.98902
-1.98902
-1.98902
-1.98902
-1.98902
-1.98902
-1.98902
-1.98902
-1.98902
-1.98902
-1.98902
-1.98902
-1.98902
-1.98902
-1.98902
-1.98902
-1.98902
-1.98902
-1.98902
-1.98902
-1.98902
-1.98902
-1.98902
-1.98902
-1.98902
-1.98902
-1.98902
-1.98902
-1.98902
-1.98902
-1.98902
-1.98902
-1.98902
-1.98902
-1.98902
-1.98902
-1.98902
-1.98902
-1.98902
-1.98902
-1.98902
-1.98902
-1.98902
-1.98902
-1.98902
-1.98902
-1.98902
-1.98902
-1.98902
-1.98902
-1.98902
-1.98902
-1.98902
-1.98902
-1.98902
-1.98902
-1.98902
-1.98902
-1.98902
-1.98902
-1.98902
-1.98902
-1.98902
-1.98902
-1.98902
-1.98902
-1.98902
-1.98902
-1.98902
-1.98902
-1.98902
-1.98902
-1.98902
-1.98902
-1.98902
-1.98902
-1.98902
-1.98902
-1.98902
-1.98902
-1.98902
-1.98902
-1.98902
-1.98902
-1.98902
-1.98902
-1.98902
-1.98902
-1.98902
-1.98902
-1.98902
-1.98902
-1.98902
-1.98902
-1.98902
-1.98902
-1.98902
-1.98902
-1.98902
-1.98902
-1.98902
-1.98902
-1.98902
-1.98902
-1.99897
-1.99897
-1.99897
-1.99897
-1.99897
-1.99897
-1.99897
-1.99897
-1.99897
-1.99897
-1.99897
-1.99897
-1.99897
-1.99897
-1.99897
-1.99897
-1.99897
-1.99897
-1.99897
-1.99897
-1.99897
-1.99897
-1.99897
-1.99897
-1.99897
-1.99897
-1.99897
-1.99897
-1.99897
-1.99897
-1.99897
-1.99897
-1.99897
-1.99897
-1.99897
-1.99897
-1.99897
-1.99897
-1.99897
-1.99897
-1.99897
-1.99897
-1.99897
-1.99897
-1.99897
-1.99897
-1.99897
-1.99897
-1.99897
-1.99897
-1.99897
-1.99897
-1.99897
-1.99897
-1.99897
-1.99897
-1.99897
-1.99897
-1.99897
-1.99897
-1.99897
-1.99897
-1.99897
-1.99897
-1.99897
-1.99897
-1.99897
-1.99897
-1.99897
-1.99897
-1.99897
-1.99897
-1.99897
-1.99897
-1.99897
-1.99897
-1.99897
-1.99897
-1.99897
-1.99897
-1.99897
-1.99897
-1.99897
-1.99897
-1.99897
-1.99897
-1.99897
-1.99897
-1.99897
-1.99897
-1.99897
-1.99897
-1.99897
-1.99897
-1.99897
-1.99897
-1.99897
-1.99897
-1.99897
-1.99897
-1.99897
-1.99897
-1.99897
-1.99897
-1.99897
-1.99897
-1.99897
-1.99897
-1.99897
-1.99897
-1.99897
-1.99897
-1.99897
-1.99897
-1.99897
-1.99897
-1.99897
-1.99897
-1.99897
-1.99897
-1.99897
-1.99897
-1.99897
-1.99897
-1.99897
-1.99897
-1.99897
-1.99897
-1.99897
-1.99897
-1.99897
-1.99897
-1.99897
-1.99897
-1.99897
-1.99897
-1.99897
-1.99897
-1.99897
-1.99897
-1.99897
-1.99897
-1.99897
-1.99897
-1.99897
-1.99897
-1.99897
-1.99897
-1.99897
-1.99897
-1.99897
-1.99897
-1.99897
-1.99897
-1.99897
-1.99897
-1.99897
-1.99897
-1.99897
-1.99897
-1.99897
-1.99897
-1.99897
-1.99897
-1.99897
-1.99897
-1.99897
-1.99897
-1.99897
-1.99897
-1.99897
-1.99897
-1.99897
-1.99897
-1.99897
-1.99897
-1.99897
-1.99897
-1.99897
-1.99897
-1.99897
-1.99897
-1.99897
-1.99897
-1.99897
-1.99897
-1.99897
-1.99897
-1.99897
-1.99897
-1.99897
-1.99897
-1.99897
-1.99897
-1.99897
-1.99897
-1.99897
-1.99897
-1.99897
-1.99897
-1.99897
-1.99897
-1.99897
-1.99897
-1.99897
-1.99897
-1.99897
-1.99897
-1.99897
-1.99897
-1.99897
-1.99897
-1.99897
-1.99897
-1.99897
-1.99897
-1.99897
-1.99897
-1.99897
-1.99897
-1.99897
-1.99897
-1.99897
-1.99897
-1.99897
-1.99897
-1.99897
-1.99897
-1.99897
-1.99897
-1.99897
-1.99897
-1.99897
-1.99897
-1.99897
-1.99897
-1.99897
-1.99897
-1.99897
-1.99897
-1.99897
-1.99897
-1.99897
-1.99897
-1.99897
-1.99897
-1.99897
-1.99897
-1.99897
-1.99897
-1.99897
-1.99897
-1.99897
-1.99897
-1.99897
-1.99897
-1.99897
-1.99897
-1.99897
-1.99897
-1.99897
-1.99897
-1.99897
-1.99897
-1.99897
-1.99897
-1.99897
-1.99897
-1.99897
-1.99897
-1.99897
-1.99897
-1.99897
-1.99897
-1.99897
-1.99897
-1.99897
-1.99897
-1.99897
-1.99897
-1.99897
-1.99897
-1.99897
-1.99897
-1.99897
-1.99897
-1.99897
-1.99897
-1.99897
-1.99897
-1.99897
-1.99897
-1.99897
-1.99897
-1.99897
-1.99897
-1.99897
-1.99897
-1.99897
-1.99897
-1.99897
-1.99897
-1.99897
-1.99897
-1.99897
-1.99897
-1.99897
-1.99897
-1.99897
-1.99897
-1.99897
-1.99897
-1.99897
-1.99897
-1.99897
-1.99897
-1.99897
-1.99897
-1.99897
-1.99897
-1.99897
-1.99897
-1.99897
-1.99897
-1.99897
-1.99897
-1.99897
-1.99897
-1.99897
-1.99897
-1.99897
-1.99897
-1.99897
-1.99897
-1.99897
-1.99897
-1.99897
-1.99897
-1.99897
-1.99897
-1.99897
-1.99897
-1.99897
-1.99897
-1.99897
-1.99897
-1.99897
-1.99897
-1.99897
-1.99897
-1.99897
-1.99897
-1.99897
-1.99897
-1.99897
-1.99897
-1.99897
-1.99897
-1.99897
-1.99897
-1.99897
-1.99897
-1.99897
-1.99897
-1.99897
-1.99897
-1.99897
-1.99897
-1.99897
-1.99897
-1.99897
-1.99897
-1.99897
-1.99897
-1.99897
-1.99897
-1.99897
-1.99897
-1.99897
-1.99897
-1.99897
-1.99897
-1.99897
-1.99897
-1.99897
-1.99897
-1.99897
-1.99897
-1.99897
-1.99897
-1.99897
-1.99897
-1.99897
-1.99897
-1.99897
-1.99897
-1.99897
-1.99897
-1.99897
-1.99897
-1.99897
-1.99897
-1.99897
-1.99897
-1.99897
-1.99897
-1.99897
-1.99897
-1.99897
-1.99897
-1.99897
-1.99897
-1.99897
-1.99897
-1.99897
-1.99897
-1.99897
-1.99897
-1.99897
-1.99897
-1.99897
-1.99897
-1.99897
-1.99897
-1.99897
-1.99897
-1.99897
-1.99897
-1.99897
-1.99897
-1.99897
-1.99897
-1.99897
-1.99897
-1.99897
-1.99897
-1.99897
-1.99897
-1.99897
-1.99897
-1.99897
-1.99897
-1.99897
-1.99897
-1.99897
-1.99897
-1.99897
-1.99897
-1.99897
-1.99897
-1.99897
-1.99897
-1.99897
-1.99897
-1.99897
-1.99897
-1.99897
-1.99897
-1.99897
-1.99897
-1.99897
-1.99897
-1.99897
-1.99897
-1.99897
-1.99897
-1.99897
-1.99897
-1.99897
-1.99897
-1.99897
-1.99897
-1.99897
-1.99897
-1.99897
-1.99897
-1.99897
-1.99897
-1.99897
-1.99897
-1.99897
-1.99897
-1.99897
-1.99897
-1.99897
-1.99897
-1.99897
-1.99897
-1.99897
-1.99897
-1.99897
-1.99897
-1.99897
-1.99897
-1.99897
-1.99897
-1.99897
-1.99897
-1.99897
-1.99897
-1.99897
-1.99897
-1.99897
-1.99897
-1.99897
-1.99897
-1.99897
-1.99897
-1.99897
-1.99897
-1.99897
-1.99897
-1.99897
-1.99897
-1.99897
-1.99897
-1.99897
-1.99897
-1.99897
-1.99897
-1.99897
-1.99897
-1.99897
-1.99897
-1.99897
-1.99897
-1.99897
-1.99897
-1.99897
-1.99897
-1.99897
-1.99897
-1.99897
-1.99897
-1.99897
-1.99897
-1.99897
-1.99897
-1.99897
-1.99897
-1.99897
-1.99897
-1.99897
-1.99897
-1.99897
-1.99897
-1.99897
-1.99897
-1.99897
-1.99897
-1.99897
-1.99897
-1.99897
-1.99897
-1.99897
-1.99897
-1.99897
-1.99897
-1.99897
-1.99897
-1.99897
-1.99897
-1.99897
-1.99897
-1.99897
-1.99897
-1.99897
-1.99897
-1.99897
-1.99897
-1.99897
-1.99897
-1.99897
-1.99897
-1.99897
-1.99897
-1.99897
-1.99897
-1.99897
-1.99897
-1.99897
-1.99897
-1.99897
-1.99897
-1.99897
-1.99897
-1.99897
-1.99897
-1.99897
-1.99897
-1.99897
-1.99897
-1.99897
-1.99897
-1.99897
-1.99897
-1.99897
-1.99897
-1.99897
-1.99897
-1.99897
-1.99897
-1.99897
-1.99897
-1.99897
-1.99897
-1.99897
-1.99897
-1.99897
-1.99897
-1.99897
-1.99897
-1.99897
-1.99897
-1.99897
-1.99897
-1.99897
-1.99897
-1.99897
-1.99897
-1.99897
-1.99897
-1.99897
-1.99897
-1.99897
-1.99897
-1.99897
-1.99897
-1.99897
-1.99897
-1.99897
-1.99897
-1.99897
-1.99897
-1.99897
-1.99897
-1.99897
-1.99897
-1.99897
-1.99897
-1.99897
-1.99897
-1.99897
-1.99897
-1.99897
-1.99897
-1.99897
-1.99897
-1.99897
-1.99897
-1.99897
-1.99897
-1.99897
-1.99897
-1.99897
-1.99897
-1.99897
-1.99897
-1.99897
-1.99897
-1.99897
-1.99897
-1.99897
-1.99897
-1.99897
-1.99897
-1.99897
-1.99897
-1.99897
-1.99897
-1.99897
-1.99897
-1.99897
-1.99897
-1.99897
-1.99897
-1.99897
-1.99897
-1.99897
-1.99897
-1.99897
-1.99897
-1.99897
-1.99897
-1.99897
-1.99897
-1.99897
-1.99897
-1.99897
-1.99897
-1.99897
-1.99897
-1.99897
-1.99897
-1.99897
-1.99897
-1.99897
-1.99897
-1.99897
-1.99897
-1.99897
-1.99897
-1.99897
-1.99897
-1.99897
-1.99897
-1.99897
-1.99897
-1.99897
-1.99897
-1.99897
-1.99897
-1.99897
-1.99897
-1.99897
-1.99897
-1.99897
-1.99897
-1.99897
-1.99897
-1.99897
-1.99897
-1.99897
-1.99897
-1.99897
-1.99897
-1.99897
-1.99897
-1.99897
-1.99897
-1.99897
-1.99897
-1.99897
-1.99897
-1.99897
-1.99897
-1.99897
-1.99897
-1.99897
-1.99897
-1.99897
-1.99897
-1.99897
-1.99897
-1.99897
-1.99897
-1.99897
-1.99897
-1.99897
-1.99897
-1.99897
-1.99897
-1.99897
-1.99897
-1.99897
-1.99897
-1.99897
-1.99897
-1.99897
-1.99897
-1.99897
-1.99897
-1.99897
-1.99897
-1.99897
-1.99897
-1.99897
-1.99897
-1.99897
-1.99897
-1.99897
-1.99897
-1.99897
-1.99897
-1.99897
-1.99897
-1.99897
-1.99897
-1.99897
-1.99897
-1.99897
-1.99897
-1.99897
-1.99897
-1.99897
-1.99897
-1.99897
-1.99897
-1.99897
-1.99897
-1.99897
-1.99897
-1.99897
-1.99897
-1.99897
-1.99897
-1.99897
-1.99897
-1.99897
-1.99897
-1.99897
-1.99897
-1.99897
-1.99897
-1.99897
-1.99897
-1.99897
-1.99897
-1.99897
-1.99897
-1.99897
-1.99897
-1.99897
-1.99897
-1.99897
-1.99897
-1.99897
-1.99897
-1.99897
-1.99897
-1.99897
-1.99897
