-5.000000 0.038462
-4.990000 0.038602
-4.980000 0.038726
-4.969999 0.038836
-4.959999 0.038931
-4.949999 0.039011
-4.939999 0.039076
-4.929998 0.039127
-4.919998 0.039164
-4.909998 0.039187
-4.899998 0.039196
-4.889997 0.039192
-4.879997 0.039174
-4.869997 0.039144
-4.859997 0.039100
-4.849997 0.039044
-4.839996 0.038976
-4.829996 0.038895
-4.819996 0.038803
-4.809996 0.038698
-4.799995 0.038582
-4.789995 0.038454
-4.779995 0.038316
-4.769995 0.038166
-4.759995 0.038006
-4.749994 0.037835
-4.739994 0.037654
-4.729994 0.037463
-4.719994 0.037261
-4.709993 0.037051
-4.699993 0.036830
-4.689993 0.036601
-4.679993 0.036362
-4.669992 0.036114
-4.659992 0.035858
-4.649992 0.035594
-4.639992 0.035321
-4.629992 0.035040
-4.619991 0.034752
-4.609991 0.034456
-4.599991 0.034152
-4.589991 0.033841
-4.579990 0.033524
-4.569990 0.033200
-4.559990 0.032869
-4.549990 0.032532
-4.539989 0.032188
-4.529989 0.031839
-4.519989 0.031485
-4.509989 0.031124
-4.499989 0.030759
-4.489988 0.030388
-4.479988 0.030013
-4.469988 0.029633
-4.459988 0.029249
-4.449987 0.028860
-4.439987 0.028467
-4.429987 0.028071
-4.419987 0.027671
-4.409986 0.027268
-4.399986 0.026862
-4.389986 0.026452
-4.379986 0.026040
-4.369986 0.025626
-4.359985 0.025209
-4.349985 0.024790
-4.339985 0.024369
-4.329985 0.023947
-4.319984 0.023523
-4.309984 0.023098
-4.299984 0.022671
-4.289984 0.022244
-4.279984 0.021817
-4.269983 0.021389
-4.259983 0.020961
-4.249983 0.020533
-4.239983 0.020105
-4.229982 0.019677
-4.219982 0.019251
-4.209982 0.018825
-4.199982 0.018400
-4.189981 0.017976
-4.179981 0.017554
-4.169981 0.017134
-4.159981 0.016716
-4.149981 0.016299
-4.139980 0.015885
-4.129980 0.015474
-4.119980 0.015066
-4.109980 0.014660
-4.099979 0.014258
-4.089979 0.013859
-4.079979 0.013463
-4.069979 0.013072
-4.059978 0.012685
-4.049978 0.012301
-4.039978 0.011923
-4.029978 0.011549
-4.019978 0.011179
-4.009977 0.010815
-3.999977 0.010456
-3.989977 0.010103
-3.979977 0.009756
-3.969977 0.009414
-3.959977 0.009079
-3.949977 0.008750
-3.939977 0.008427
-3.929977 0.008112
-3.919977 0.007803
-3.909977 0.007501
-3.899977 0.007207
-3.889977 0.006921
-3.879977 0.006642
-3.869977 0.006372
-3.859977 0.006109
-3.849977 0.005856
-3.839978 0.005611
-3.829978 0.005374
-3.819978 0.005147
-3.809978 0.004930
-3.799978 0.004721
-3.789978 0.004523
-3.779978 0.004334
-3.769978 0.004156
-3.759978 0.003988
-3.749978 0.003830
-3.739978 0.003684
-3.729978 0.003548
-3.719978 0.003424
-3.709978 0.003311
-3.699978 0.003210
-3.689978 0.003120
-3.679978 0.003043
-3.669978 0.002978
-3.659978 0.002925
-3.649978 0.002885
-3.639978 0.002858
-3.629978 0.002844
-3.619978 0.002844
-3.609978 0.002857
-3.599978 0.002883
-3.589978 0.002924
-3.579978 0.002979
-3.569978 0.003048
-3.559978 0.003132
-3.549978 0.003231
-3.539978 0.003345
-3.529978 0.003474
-3.519978 0.003618
-3.509978 0.003778
-3.499978 0.003954
-3.489978 0.004146
-3.479978 0.004354
-3.469978 0.004579
-3.459978 0.004820
-3.449978 0.005079
-3.439978 0.005354
-3.429978 0.005647
-3.419978 0.005958
-3.409978 0.006286
-3.399978 0.006632
-3.389978 0.006997
-3.379978 0.007379
-3.369978 0.007781
-3.359978 0.008201
-3.349978 0.008640
-3.339978 0.009099
-3.329978 0.009577
-3.319978 0.010075
-3.309978 0.010592
-3.299978 0.011130
-3.289978 0.011688
-3.279978 0.012266
-3.269978 0.012865
-3.259978 0.013485
-3.249978 0.014127
-3.239978 0.014789
-3.229978 0.015473
-3.219978 0.016179
-3.209978 0.016907
-3.199978 0.017657
-3.189978 0.018430
-3.179978 0.019225
-3.169978 0.020043
-3.159978 0.020884
-3.149978 0.021749
-3.139978 0.022636
-3.129978 0.023548
-3.119978 0.024483
-3.109978 0.025443
-3.099978 0.026426
-3.089978 0.027435
-3.079978 0.028468
-3.069978 0.029526
-3.059978 0.030609
-3.049978 0.031718
-3.039978 0.032852
-3.029978 0.034012
-3.019978 0.035197
-3.009978 0.036410
-2.999978 0.037648
-2.989978 0.038913
-2.979978 0.040205
-2.969978 0.041525
-2.959978 0.042871
-2.949978 0.044245
-2.939978 0.045646
-2.929978 0.047076
-2.919978 0.048533
-2.909978 0.050019
-2.899978 0.051534
-2.889978 0.053077
-2.879978 0.054649
-2.869978 0.056250
-2.859978 0.057881
-2.849978 0.059541
-2.839978 0.061231
-2.829978 0.062952
-2.819978 0.064702
-2.809978 0.066483
-2.799978 0.068294
-2.789979 0.070136
-2.779979 0.072010
-2.769979 0.073914
-2.759979 0.075851
-2.749979 0.077818
-2.739979 0.079818
-2.729979 0.081850
-2.719979 0.083914
-2.709979 0.086011
-2.699979 0.088141
-2.689979 0.090303
-2.679979 0.092499
-2.669979 0.094728
-2.659979 0.096991
-2.649979 0.099287
-2.639979 0.101618
-2.629979 0.103983
-2.619979 0.106382
-2.609979 0.108816
-2.599979 0.111285
-2.589979 0.113789
-2.579979 0.116328
-2.569979 0.118902
-2.559979 0.121513
-2.549979 0.124159
-2.539979 0.126842
-2.529979 0.129560
-2.519979 0.132316
-2.509979 0.135108
-2.499979 0.137937
-2.489979 0.140803
-2.479979 0.143706
-2.469979 0.146646
-2.459979 0.149621
-2.449979 0.152632
-2.439979 0.155679
-2.429979 0.158760
-2.419979 0.161876
-2.409979 0.165026
-2.399979 0.168209
-2.389979 0.171426
-2.379979 0.174676
-2.369979 0.177958
-2.359979 0.181272
-2.349979 0.184619
-2.339979 0.187996
-2.329979 0.191405
-2.319979 0.194844
-2.309979 0.198313
-2.299979 0.201812
-2.289979 0.205341
-2.279979 0.208898
-2.269979 0.212484
-2.259979 0.216099
-2.249979 0.219741
-2.239979 0.223411
-2.229979 0.227108
-2.219979 0.230831
-2.209979 0.234581
-2.199979 0.238357
-2.189979 0.242159
-2.179979 0.245985
-2.169979 0.249836
-2.159979 0.253712
-2.149979 0.257612
-2.139979 0.261535
-2.129979 0.265481
-2.119979 0.269450
-2.109979 0.273442
-2.099979 0.277456
-2.089979 0.281491
-2.079979 0.285548
-2.069979 0.289625
-2.059979 0.293723
-2.049979 0.297841
-2.039979 0.301979
-2.029979 0.306136
-2.019979 0.310312
-2.009979 0.314507
-1.999979 0.318719
-1.989979 0.322950
-1.979979 0.327197
-1.969979 0.331462
-1.959979 0.335744
-1.949979 0.340041
-1.939979 0.344355
-1.929979 0.348683
-1.919979 0.353027
-1.909979 0.357386
-1.899979 0.361759
-1.889979 0.366145
-1.879979 0.370545
-1.869979 0.374959
-1.859979 0.379385
-1.849979 0.383823
-1.839979 0.388273
-1.829979 0.392735
-1.819979 0.397208
-1.809979 0.401691
-1.799979 0.406186
-1.789979 0.410690
-1.779979 0.415203
-1.769979 0.419726
-1.759979 0.424258
-1.749979 0.428798
-1.739980 0.433346
-1.729980 0.437902
-1.719980 0.442465
-1.709980 0.447035
-1.699980 0.451611
-1.689980 0.456194
-1.679980 0.460782
-1.669980 0.465375
-1.659980 0.469974
-1.649980 0.474577
-1.639980 0.479184
-1.629980 0.483795
-1.619980 0.488409
-1.609980 0.493027
-1.599980 0.497647
-1.589980 0.502269
-1.579980 0.506893
-1.569980 0.511518
-1.559980 0.516145
-1.549980 0.520772
-1.539980 0.525399
-1.529980 0.530026
-1.519980 0.534653
-1.509980 0.539279
-1.499980 0.543903
-1.489980 0.548526
-1.479980 0.553147
-1.469980 0.557766
-1.459980 0.562381
-1.449980 0.566993
-1.439980 0.571602
-1.429980 0.576207
-1.419980 0.580807
-1.409980 0.585403
-1.399980 0.589993
-1.389980 0.594578
-1.379980 0.599156
-1.369980 0.603729
-1.359980 0.608295
-1.349980 0.612853
-1.339980 0.617405
-1.329980 0.621948
-1.319980 0.626483
-1.309980 0.631009
-1.299980 0.635526
-1.289980 0.640034
-1.279980 0.644532
-1.269980 0.649020
-1.259980 0.653497
-1.249980 0.657963
-1.239980 0.662418
-1.229980 0.666861
-1.219980 0.671291
-1.209980 0.675710
-1.199980 0.680115
-1.189980 0.684507
-1.179980 0.688885
-1.169980 0.693249
-1.159980 0.697599
-1.149980 0.701933
-1.139980 0.706253
-1.129980 0.710557
-1.119980 0.714844
-1.109980 0.719116
-1.099980 0.723370
-1.089980 0.727607
-1.079980 0.731827
-1.069980 0.736028
-1.059980 0.740212
-1.049980 0.744376
-1.039980 0.748521
-1.029980 0.752647
-1.019980 0.756753
-1.009980 0.760838
-0.999980 0.764903
-0.989980 0.768947
-0.979980 0.772969
-0.969980 0.776969
-0.959980 0.780947
-0.949980 0.784902
-0.939980 0.788834
-0.929980 0.792743
-0.919980 0.796628
-0.909980 0.800489
-0.899980 0.804325
-0.889980 0.808136
-0.879980 0.811922
-0.869980 0.815682
-0.859980 0.819416
-0.849980 0.823123
-0.839980 0.826803
-0.829980 0.830456
-0.819980 0.834082
-0.809980 0.837679
-0.799980 0.841247
-0.789980 0.844787
-0.779980 0.848298
-0.769980 0.851779
-0.759980 0.855230
-0.749980 0.858650
-0.739980 0.862040
-0.729980 0.865398
-0.719980 0.868725
-0.709980 0.872019
-0.699980 0.875282
-0.689981 0.878511
-0.679981 0.881708
-0.669981 0.884871
-0.659981 0.888000
-0.649981 0.891094
-0.639981 0.894154
-0.629981 0.897179
-0.619981 0.900168
-0.609981 0.903122
-0.599981 0.906039
-0.589981 0.908920
-0.579981 0.911763
-0.569981 0.914569
-0.559981 0.917337
-0.549981 0.920067
-0.539981 0.922759
-0.529981 0.925411
-0.519981 0.928024
-0.509981 0.930598
-0.499981 0.933131
-0.489981 0.935623
-0.479981 0.938075
-0.469981 0.940485
-0.459981 0.942854
-0.449981 0.945180
-0.439981 0.947464
-0.429981 0.949706
-0.419981 0.951904
-0.409981 0.954058
-0.399981 0.956168
-0.389981 0.958234
-0.379981 0.960255
-0.369981 0.962230
-0.359981 0.964161
-0.349981 0.966045
-0.339981 0.967883
-0.329981 0.969674
-0.319981 0.971418
-0.309981 0.973114
-0.299981 0.974762
-0.289981 0.976363
-0.279981 0.977914
-0.269981 0.979416
-0.259981 0.980869
-0.249981 0.982272
-0.239981 0.983625
-0.229981 0.984927
-0.219981 0.986178
-0.209981 0.987377
-0.199981 0.988525
-0.189981 0.989620
-0.179981 0.990664
-0.169981 0.991653
-0.159981 0.992590
-0.149981 0.993473
-0.139981 0.994301
-0.129981 0.995076
-0.119981 0.995795
-0.109981 0.996459
-0.099981 0.997067
-0.089981 0.997619
-0.079981 0.998115
-0.069981 0.998554
-0.059981 0.998935
-0.049981 0.999259
-0.039981 0.999525
-0.029981 0.999732
-0.019981 0.999881
-0.009981 0.999970
0.000019 1.000000
0.010019 0.999970
0.020019 0.999880
0.030019 0.999731
0.040019 0.999524
0.050019 0.999258
0.060019 0.998934
0.070019 0.998552
0.080019 0.998113
0.090019 0.997617
0.100019 0.997065
0.110019 0.996456
0.120019 0.995792
0.130019 0.995073
0.140019 0.994298
0.150019 0.993470
0.160019 0.992586
0.170019 0.991650
0.180019 0.990660
0.190019 0.989616
0.200019 0.988521
0.210019 0.987373
0.220019 0.986173
0.230019 0.984922
0.240019 0.983620
0.250019 0.982267
0.260019 0.980863
0.270019 0.979411
0.280019 0.977908
0.290019 0.976356
0.300019 0.974756
0.310019 0.973108
0.320019 0.971411
0.330019 0.969667
0.340019 0.967876
0.350019 0.966038
0.360019 0.964153
0.370019 0.962223
0.380019 0.960247
0.390019 0.958226
0.400019 0.956160
0.410019 0.954050
0.420019 0.951895
0.430019 0.949697
0.440019 0.947456
0.450019 0.945172
0.460019 0.942845
0.470019 0.940476
0.480019 0.938066
0.490019 0.935614
0.500019 0.933121
0.510019 0.930588
0.520019 0.928015
0.530019 0.925401
0.540019 0.922749
0.550019 0.920057
0.560019 0.917327
0.570019 0.914559
0.580019 0.911752
0.590019 0.908909
0.600019 0.906028
0.610019 0.903111
0.620019 0.900157
0.630019 0.897168
0.640019 0.894143
0.650019 0.891083
0.660019 0.887988
0.670019 0.884859
0.680019 0.881696
0.690019 0.878499
0.700019 0.875269
0.710019 0.872007
0.720019 0.868712
0.730019 0.865385
0.740019 0.862027
0.750019 0.858637
0.760019 0.855216
0.770019 0.851765
0.780019 0.848285
0.790019 0.844774
0.800019 0.841234
0.810019 0.837665
0.820019 0.834068
0.830019 0.830442
0.840019 0.826789
0.850019 0.823109
0.860019 0.819401
0.870019 0.815668
0.880019 0.811907
0.890019 0.808122
0.900019 0.804310
0.910019 0.800474
0.920019 0.796613
0.930019 0.792728
0.940019 0.788819
0.950019 0.784887
0.960019 0.780932
0.970019 0.776954
0.980018 0.772953
0.990018 0.768931
1.000018 0.764887
1.010018 0.760823
1.020018 0.756737
1.030018 0.752631
1.040018 0.748505
1.050018 0.744360
1.060018 0.740196
1.070018 0.736012
1.080018 0.731811
1.090018 0.727591
1.100018 0.723354
1.110018 0.719099
1.120018 0.714828
1.130018 0.710540
1.140018 0.706236
1.150018 0.701917
1.160018 0.697582
1.170018 0.693232
1.180018 0.688868
1.190018 0.684490
1.200018 0.680098
1.210018 0.675693
1.220018 0.671274
1.230018 0.666844
1.240018 0.662401
1.250018 0.657946
1.260018 0.653480
1.270018 0.649003
1.280018 0.644515
1.290018 0.640017
1.300018 0.635509
1.310018 0.630992
1.320018 0.626465
1.330018 0.621930
1.340018 0.617387
1.350018 0.612836
1.360018 0.608277
1.370018 0.603711
1.380018 0.599139
1.390018 0.594560
1.400018 0.589975
1.410018 0.585385
1.420018 0.580789
1.430018 0.576189
1.440018 0.571584
1.450018 0.566976
1.460018 0.562363
1.470018 0.557748
1.480018 0.553129
1.490018 0.548509
1.500018 0.543886
1.510018 0.539261
1.520018 0.534635
1.530018 0.530008
1.540018 0.525381
1.550018 0.520754
1.560018 0.516127
1.570018 0.511500
1.580018 0.506875
1.590018 0.502251
1.600018 0.497629
1.610018 0.493009
1.620018 0.488392
1.630018 0.483777
1.640018 0.479166
1.650018 0.474559
1.660018 0.469956
1.670018 0.465358
1.680018 0.460764
1.690018 0.456176
1.700018 0.451594
1.710018 0.447017
1.720018 0.442447
1.730018 0.437884
1.740018 0.433328
1.750018 0.428780
1.760018 0.424240
1.770018 0.419709
1.780018 0.415186
1.790018 0.410672
1.800018 0.406168
1.810018 0.401674
1.820018 0.397191
1.830018 0.392718
1.840018 0.388256
1.850018 0.383806
1.860018 0.379368
1.870018 0.374942
1.880018 0.370529
1.890018 0.366128
1.900018 0.361742
1.910018 0.357369
1.920018 0.353011
1.930018 0.348667
1.940018 0.344338
1.950018 0.340025
1.960018 0.335727
1.970018 0.331446
1.980018 0.327181
1.990018 0.322933
2.000018 0.318703
2.010018 0.314490
2.020018 0.310296
2.030018 0.306120
2.040018 0.301963
2.050018 0.297825
2.060018 0.293707
2.070018 0.289609
2.080018 0.285532
2.090018 0.281476
2.100018 0.277440
2.110018 0.273427
2.120018 0.269435
2.130018 0.265466
2.140018 0.261520
2.150017 0.257597
2.160017 0.253697
2.170017 0.249822
2.180017 0.245970
2.190017 0.242144
2.200017 0.238343
2.210017 0.234567
2.220017 0.230817
2.230017 0.227094
2.240017 0.223397
2.250017 0.219727
2.260017 0.216085
2.270017 0.212471
2.280017 0.208884
2.290017 0.205327
2.300017 0.201799
2.310017 0.198300
2.320017 0.194830
2.330017 0.191391
2.340017 0.187983
2.350017 0.184606
2.360017 0.181260
2.370017 0.177945
2.380017 0.174663
2.390017 0.171414
2.400017 0.168197
2.410017 0.165013
2.420017 0.161864
2.430017 0.158748
2.440017 0.155667
2.450017 0.152621
2.460017 0.149610
2.470017 0.146634
2.480017 0.143695
2.490017 0.140792
2.500017 0.137926
2.510017 0.135097
2.520017 0.132305
2.530017 0.129550
2.540017 0.126831
2.550017 0.124149
2.560017 0.121503
2.570017 0.118892
2.580017 0.116318
2.590017 0.113779
2.600017 0.111275
2.610017 0.108806
2.620017 0.106373
2.630017 0.103974
2.640017 0.101609
2.650017 0.099278
2.660017 0.096982
2.670017 0.094719
2.680017 0.092490
2.690017 0.090295
2.700017 0.088132
2.710017 0.086003
2.720017 0.083906
2.730017 0.081842
2.740017 0.079810
2.750017 0.077811
2.760017 0.075843
2.770017 0.073907
2.780017 0.072003
2.790017 0.070129
2.800017 0.068287
2.810017 0.066476
2.820017 0.064695
2.830017 0.062945
2.840017 0.061225
2.850017 0.059535
2.860017 0.057875
2.870017 0.056244
2.880017 0.054643
2.890017 0.053071
2.900017 0.051528
2.910017 0.050013
2.920017 0.048528
2.930017 0.047070
2.940017 0.045641
2.950017 0.044239
2.960017 0.042866
2.970017 0.041519
2.980017 0.040200
2.990017 0.038908
3.000017 0.037643
3.010017 0.036405
3.020017 0.035193
3.030017 0.034007
3.040017 0.032847
3.050017 0.031713
3.060017 0.030605
3.070017 0.029522
3.080017 0.028464
3.090017 0.027431
3.100017 0.026423
3.110017 0.025439
3.120017 0.024480
3.130017 0.023544
3.140017 0.022633
3.150017 0.021745
3.160017 0.020881
3.170017 0.020040
3.180017 0.019222
3.190017 0.018427
3.200016 0.017654
3.210016 0.016904
3.220016 0.016177
3.230016 0.015471
3.240016 0.014787
3.250016 0.014124
3.260016 0.013483
3.270016 0.012863
3.280016 0.012264
3.290016 0.011685
3.300016 0.011128
3.310016 0.010590
3.320016 0.010073
3.330016 0.009575
3.340016 0.009097
3.350016 0.008639
3.360016 0.008199
3.370016 0.007779
3.380016 0.007378
3.390016 0.006995
3.400016 0.006631
3.410016 0.006285
3.420016 0.005957
3.430016 0.005646
3.440016 0.005353
3.450016 0.005078
3.460016 0.004819
3.470016 0.004578
3.480016 0.004353
3.490016 0.004145
3.500016 0.003953
3.510016 0.003777
3.520016 0.003617
3.530016 0.003473
3.540016 0.003344
3.550016 0.003230
3.560016 0.003132
3.570016 0.003048
3.580016 0.002979
3.590016 0.002924
3.600016 0.002883
3.610016 0.002857
3.620016 0.002844
3.630016 0.002844
3.640016 0.002858
3.650016 0.002885
3.660016 0.002925
3.670016 0.002978
3.680016 0.003043
3.690016 0.003120
3.700016 0.003210
3.710016 0.003311
3.720016 0.003424
3.730016 0.003549
3.740016 0.003684
3.750016 0.003831
3.760016 0.003988
3.770016 0.004156
3.780016 0.004335
3.790016 0.004524
3.800016 0.004722
3.810016 0.004930
3.820016 0.005148
3.830016 0.005375
3.840016 0.005612
3.850016 0.005857
3.860016 0.006110
3.870016 0.006373
3.880016 0.006643
3.890016 0.006922
3.900016 0.007208
3.910016 0.007503
3.920016 0.007804
3.930016 0.008113
3.940016 0.008428
3.950016 0.008751
3.960016 0.009080
3.970016 0.009415
3.980016 0.009757
3.990016 0.010105
4.000016 0.010458
4.010016 0.010817
4.020016 0.011181
4.030016 0.011550
4.040017 0.011924
4.050017 0.012303
4.060017 0.012686
4.070017 0.013073
4.080018 0.013465
4.090018 0.013860
4.100018 0.014259
4.110018 0.014662
4.120018 0.015067
4.130019 0.015476
4.140019 0.015887
4.150019 0.016301
4.160019 0.016717
4.170020 0.017136
4.180020 0.017556
4.190020 0.017978
4.200020 0.018401
4.210021 0.018826
4.220021 0.019252
4.230021 0.019679
4.240021 0.020106
4.250021 0.020534
4.260022 0.020962
4.270022 0.021391
4.280022 0.021819
4.290022 0.022246
4.300023 0.022673
4.310023 0.023099
4.320023 0.023524
4.330023 0.023948
4.340024 0.024371
4.350024 0.024792
4.360024 0.025210
4.370024 0.025627
4.380024 0.026042
4.390025 0.026454
4.400025 0.026863
4.410025 0.027269
4.420025 0.027673
4.430026 0.028073
4.440026 0.028469
4.450026 0.028861
4.460026 0.029250
4.470026 0.029634
4.480027 0.030014
4.490027 0.030390
4.500027 0.030760
4.510027 0.031126
4.520028 0.031486
4.530028 0.031841
4.540028 0.032190
4.550028 0.032533
4.560029 0.032870
4.570029 0.033201
4.580029 0.033525
4.590029 0.033843
4.600029 0.034153
4.610030 0.034457
4.620030 0.034753
4.630030 0.035041
4.640030 0.035322
4.650031 0.035595
4.660031 0.035859
4.670031 0.036115
4.680031 0.036363
4.690032 0.036602
4.700032 0.036831
4.710032 0.037051
4.720032 0.037262
4.730032 0.037463
4.740033 0.037655
4.750033 0.037836
4.760033 0.038007
4.770033 0.038167
4.780034 0.038316
4.790034 0.038455
4.800034 0.038582
4.810034 0.038698
4.820035 0.038803
4.830035 0.038896
4.840035 0.038976
4.850035 0.039045
4.860035 0.039101
4.870036 0.039144
4.880036 0.039175
4.890036 0.039192
4.900036 0.039196
4.910037 0.039187
4.920037 0.039164
4.930037 0.039127
4.940037 0.039076
4.950037 0.039010
4.960038 0.038930
4.970038 0.038836
4.980038 0.038726
4.990038 0.038601


-5.000000 0.038462
-4.990000 0.038612
-4.980000 0.038767
-4.969999 0.038926
-4.959999 0.039090
-4.949999 0.039258
-4.939999 0.039430
-4.929998 0.039606
-4.919998 0.039787
-4.909998 0.039972
-4.899998 0.040160
-4.889997 0.040353
-4.879997 0.040549
-4.869997 0.040750
-4.859997 0.040954
-4.849997 0.041161
-4.839996 0.041372
-4.829996 0.041587
-4.819996 0.041805
-4.809996 0.042027
-4.799995 0.042251
-4.789995 0.042479
-4.779995 0.042710
-4.769995 0.042945
-4.759995 0.043182
-4.749994 0.043422
-4.739994 0.043665
-4.729994 0.043911
-4.719994 0.044159
-4.709993 0.044411
-4.699993 0.044664
-4.689993 0.044921
-4.679993 0.045179
-4.669992 0.045441
-4.659992 0.045704
-4.649992 0.045970
-4.639992 0.046238
-4.629992 0.046508
-4.619991 0.046780
-4.609991 0.047053
-4.599991 0.047329
-4.589991 0.047607
-4.579990 0.047886
-4.569990 0.048167
-4.559990 0.048450
-4.549990 0.048734
-4.539989 0.049020
-4.529989 0.049307
-4.519989 0.049596
-4.509989 0.049885
-4.499989 0.050176
-4.489988 0.050468
-4.479988 0.050761
-4.469988 0.051055
-4.459988 0.051350
-4.449987 0.051646
-4.439987 0.051942
-4.429987 0.052240
-4.419987 0.052537
-4.409986 0.052836
-4.399986 0.053135
-4.389986 0.053434
-4.379986 0.053734
-4.369986 0.054034
-4.359985 0.054334
-4.349985 0.054634
-4.339985 0.054934
-4.329985 0.055235
-4.319984 0.055535
-4.309984 0.055835
-4.299984 0.056135
-4.289984 0.056434
-4.279984 0.056734
-4.269983 0.057033
-4.259983 0.057331
-4.249983 0.057629
-4.239983 0.057926
-4.229982 0.058222
-4.219982 0.058518
-4.209982 0.058813
-4.199982 0.059107
-4.189981 0.059399
-4.179981 0.059691
-4.169981 0.059982
-4.159981 0.060272
-4.149981 0.060560
-4.139980 0.060847
-4.129980 0.061132
-4.119980 0.061416
-4.109980 0.061699
-4.099979 0.061980
-4.089979 0.062259
-4.079979 0.062536
-4.069979 0.062812
-4.059978 0.063086
-4.049978 0.063357
-4.039978 0.063627
-4.029978 0.063895
-4.019978 0.064160
-4.009977 0.064423
-3.999977 0.064684
-3.989977 0.064943
-3.979977 0.065199
-3.969977 0.065452
-3.959977 0.065703
-3.949977 0.065951
-3.939977 0.066197
-3.929977 0.066439
-3.919977 0.066679
-3.909977 0.066916
-3.899977 0.067150
-3.889977 0.067381
-3.879977 0.067608
-3.869977 0.067832
-3.859977 0.068053
-3.849977 0.068271
-3.839978 0.068485
-3.829978 0.068696
-3.819978 0.068903
-3.809978 0.069107
-3.799978 0.069307
-3.789978 0.069503
-3.779978 0.069695
-3.769978 0.069883
-3.759978 0.070067
-3.749978 0.070247
-3.739978 0.070423
-3.729978 0.070595
-3.719978 0.070763
-3.709978 0.070926
-3.699978 0.071084
-3.689978 0.071239
-3.679978 0.071388
-3.669978 0.071533
-3.659978 0.071674
-3.649978 0.071809
-3.639978 0.071940
-3.629978 0.072066
-3.619978 0.072187
-3.609978 0.072302
-3.599978 0.072413
-3.589978 0.072519
-3.579978 0.072619
-3.569978 0.072714
-3.559978 0.072803
-3.549978 0.072888
-3.539978 0.072968
-3.529978 0.073043
-3.519978 0.073114
-3.509978 0.073182
-3.499978 0.073246
-3.489978 0.073306
-3.479978 0.073364
-3.469978 0.073419
-3.459978 0.073472
-3.449978 0.073523
-3.439978 0.073572
-3.429978 0.073620
-3.419978 0.073666
-3.409978 0.073712
-3.399978 0.073758
-3.389978 0.073803
-3.379978 0.073848
-3.369978 0.073894
-3.359978 0.073941
-3.349978 0.073988
-3.339978 0.074037
-3.329978 0.074088
-3.319978 0.074140
-3.309978 0.074195
-3.299978 0.074252
-3.289978 0.074312
-3.279978 0.074376
-3.269978 0.074443
-3.259978 0.074513
-3.249978 0.074588
-3.239978 0.074667
-3.229978 0.074751
-3.219978 0.074840
-3.209978 0.074934
-3.199978 0.075034
-3.189978 0.075139
-3.179978 0.075251
-3.169978 0.075370
-3.159978 0.075495
-3.149978 0.075627
-3.139978 0.075767
-3.129978 0.075915
-3.119978 0.076070
-3.109978 0.076234
-3.099978 0.076407
-3.089978 0.076588
-3.079978 0.076779
-3.069978 0.076979
-3.059978 0.077189
-3.049978 0.077410
-3.039978 0.077640
-3.029978 0.077882
-3.019978 0.078135
-3.009978 0.078399
-2.999978 0.078675
-2.989978 0.078962
-2.979978 0.079263
-2.969978 0.079575
-2.959978 0.079901
-2.949978 0.080240
-2.939978 0.080592
-2.929978 0.080958
-2.919978 0.081339
-2.909978 0.081733
-2.899978 0.082143
-2.889978 0.082567
-2.879978 0.083007
-2.869978 0.083463
-2.859978 0.083934
-2.849978 0.084422
-2.839978 0.084926
-2.829978 0.085447
-2.819978 0.085985
-2.809978 0.086541
-2.799978 0.087115
-2.789979 0.087707
-2.779979 0.088317
-2.769979 0.088945
-2.759979 0.089593
-2.749979 0.090260
-2.739979 0.090947
-2.729979 0.091653
-2.719979 0.092380
-2.709979 0.093127
-2.699979 0.093895
-2.689979 0.094685
-2.679979 0.095495
-2.669979 0.096328
-2.659979 0.097182
-2.649979 0.098059
-2.639979 0.098958
-2.629979 0.099881
-2.619979 0.100826
-2.609979 0.101796
-2.599979 0.102789
-2.589979 0.103806
-2.579979 0.104848
-2.569979 0.105914
-2.559979 0.107006
-2.549979 0.108123
-2.539979 0.109265
-2.529979 0.110434
-2.519979 0.111629
-2.509979 0.112850
-2.499979 0.114099
-2.489979 0.115375
-2.479979 0.116678
-2.469979 0.118009
-2.459979 0.119368
-2.449979 0.120756
-2.439979 0.122172
-2.429979 0.123617
-2.419979 0.125092
-2.409979 0.126596
-2.399979 0.128131
-2.389979 0.129695
-2.379979 0.131290
-2.369979 0.132916
-2.359979 0.134573
-2.349979 0.136262
-2.339979 0.137982
-2.329979 0.139735
-2.319979 0.141520
-2.309979 0.143337
-2.299979 0.145188
-2.289979 0.147072
-2.279979 0.148989
-2.269979 0.150941
-2.259979 0.152926
-2.249979 0.154946
-2.239979 0.157001
-2.229979 0.159091
-2.219979 0.161217
-2.209979 0.163378
-2.199979 0.165575
-2.189979 0.167809
-2.179979 0.170079
-2.169979 0.172386
-2.159979 0.174731
-2.149979 0.177113
-2.139979 0.179532
-2.129979 0.181990
-2.119979 0.184485
-2.109979 0.187017
-2.099979 0.189586
-2.089979 0.192190
-2.079979 0.194830
-2.069979 0.197504
-2.059979 0.200213
-2.049979 0.202955
-2.039979 0.205731
-2.029979 0.208540
-2.019979 0.211380
-2.009979 0.214253
-1.999979 0.217157
-1.989979 0.220091
-1.979979 0.223055
-1.969979 0.226049
-1.959979 0.229073
-1.949979 0.232124
-1.939979 0.235204
-1.929979 0.238312
-1.919979 0.241446
-1.909979 0.244607
-1.899979 0.247794
-1.889979 0.251007
-1.879979 0.254244
-1.869979 0.257506
-1.859979 0.260792
-1.849979 0.264101
-1.839979 0.267433
-1.829979 0.270787
-1.819979 0.274164
-1.809979 0.277561
-1.799979 0.280980
-1.789979 0.284418
-1.779979 0.287877
-1.769979 0.291355
-1.759979 0.294851
-1.749979 0.298366
-1.739980 0.301898
-1.729980 0.305448
-1.719980 0.309014
-1.709980 0.312596
-1.699980 0.316194
-1.689980 0.319808
-1.679980 0.323435
-1.669980 0.327077
-1.659980 0.330732
-1.649980 0.334401
-1.639980 0.338082
-1.629980 0.341774
-1.619980 0.345479
-1.609980 0.349194
-1.599980 0.352920
-1.589980 0.356655
-1.579980 0.360400
-1.569980 0.364154
-1.559980 0.367916
-1.549980 0.371686
-1.539980 0.375464
-1.529980 0.379248
-1.519980 0.383038
-1.509980 0.386835
-1.499980 0.390636
-1.489980 0.394442
-1.479980 0.398253
-1.469980 0.402067
-1.459980 0.405884
-1.449980 0.409704
-1.439980 0.413526
-1.429980 0.417350
-1.419980 0.421175
-1.409980 0.425000
-1.399980 0.428826
-1.389980 0.432651
-1.379980 0.436475
-1.369980 0.440297
-1.359980 0.444118
-1.349980 0.447935
-1.339980 0.451750
-1.329980 0.455562
-1.319980 0.459369
-1.309980 0.463171
-1.299980 0.466969
-1.289980 0.470761
-1.279980 0.474546
-1.269980 0.478325
-1.259980 0.482097
-1.249980 0.485861
-1.239980 0.489617
-1.229980 0.493364
-1.219980 0.497102
-1.209980 0.500830
-1.199980 0.504547
-1.189980 0.508254
-1.179980 0.511950
-1.169980 0.515633
-1.159980 0.519304
-1.149980 0.522963
-1.139980 0.526607
-1.129980 0.530238
-1.119980 0.533855
-1.109980 0.537456
-1.099980 0.541042
-1.089980 0.544612
-1.079980 0.548165
-1.069980 0.551701
-1.059980 0.555220
-1.049980 0.558721
-1.039980 0.562203
-1.029980 0.565666
-1.019980 0.569109
-1.009980 0.572532
-0.999980 0.575934
-0.989980 0.579315
-0.979980 0.582675
-0.969980 0.586012
-0.959980 0.589326
-0.949980 0.592617
-0.939980 0.595884
-0.929980 0.599127
-0.919980 0.602345
-0.909980 0.605538
-0.899980 0.608705
-0.889980 0.611845
-0.879980 0.614959
-0.869980 0.618045
-0.859980 0.621103
-0.849980 0.624133
-0.839980 0.627133
-0.829980 0.630104
-0.819980 0.633045
-0.809980 0.635956
-0.799980 0.638836
-0.789980 0.641683
-0.779980 0.644499
-0.769980 0.647282
-0.759980 0.650032
-0.749980 0.652749
-0.739980 0.655431
-0.729980 0.658078
-0.719980 0.660690
-0.709980 0.663267
-0.699980 0.665807
-0.689981 0.668312
-0.679981 0.670780
-0.669981 0.673213
-0.659981 0.675609
-0.649981 0.677969
-0.639981 0.680293
-0.629981 0.682582
-0.619981 0.684834
-0.609981 0.687050
-0.599981 0.689230
-0.589981 0.691374
-0.579981 0.693482
-0.569981 0.695554
-0.559981 0.697590
-0.549981 0.699590
-0.539981 0.701554
-0.529981 0.703482
-0.519981 0.705374
-0.509981 0.707229
-0.499981 0.709049
-0.489981 0.710833
-0.479981 0.712581
-0.469981 0.714292
-0.459981 0.715968
-0.449981 0.717607
-0.439981 0.719211
-0.429981 0.720778
-0.419981 0.722310
-0.409981 0.723805
-0.399981 0.725265
-0.389981 0.726688
-0.379981 0.728075
-0.369981 0.729427
-0.359981 0.730742
-0.349981 0.732021
-0.339981 0.733264
-0.329981 0.734471
-0.319981 0.735642
-0.309981 0.736778
-0.299981 0.737877
-0.289981 0.738940
-0.279981 0.739967
-0.269981 0.740957
-0.259981 0.741912
-0.249981 0.742831
-0.239981 0.743714
-0.229981 0.744561
-0.219981 0.745372
-0.209981 0.746146
-0.199981 0.746885
-0.189981 0.747588
-0.179981 0.748254
-0.169981 0.748885
-0.159981 0.749479
-0.149981 0.750038
-0.139981 0.750560
-0.129981 0.751047
-0.119981 0.751497
-0.109981 0.751911
-0.099981 0.752290
-0.089981 0.752632
-0.079981 0.752938
-0.069981 0.753208
-0.059981 0.753443
-0.049981 0.753641
-0.039981 0.753803
-0.029981 0.753929
-0.019981 0.754019
-0.009981 0.754073
0.000019 0.754091
0.010019 0.754073
0.020019 0.754019
0.030019 0.753928
0.040019 0.753802
0.050019 0.753640
0.060019 0.753442
0.070019 0.753207
0.080019 0.752937
0.090019 0.752631
0.100019 0.752288
0.110019 0.751910
0.120019 0.751495
0.130019 0.751045
0.140019 0.750558
0.150019 0.750036
0.160019 0.749477
0.170019 0.748882
0.180019 0.748252
0.190019 0.747585
0.200019 0.746882
0.210019 0.746143
0.220019 0.745369
0.230019 0.744558
0.240019 0.743711
0.250019 0.742828
0.260019 0.741909
0.270019 0.740954
0.280019 0.739963
0.290019 0.738936
0.300019 0.737873
0.310019 0.736773
0.320019 0.735638
0.330019 0.734467
0.340019 0.733260
0.350019 0.732016
0.360019 0.730737
0.370019 0.729422
0.380019 0.728070
0.390019 0.726683
0.400019 0.725259
0.410019 0.723800
0.420019 0.722304
0.430019 0.720773
0.440019 0.719205
0.450019 0.717601
0.460019 0.715961
0.470019 0.714286
0.480019 0.712574
0.490019 0.710826
0.500019 0.709042
0.510019 0.707222
0.520019 0.705367
0.530019 0.703475
0.540019 0.701547
0.550019 0.699583
0.560019 0.697583
0.570019 0.695546
0.580019 0.693474
0.590019 0.691366
0.600019 0.689222
0.610019 0.687042
0.620019 0.684825
0.630019 0.682573
0.640019 0.680285
0.650019 0.677960
0.660019 0.675600
0.670019 0.673203
0.680019 0.670771
0.690019 0.668302
0.700019 0.665798
0.710019 0.663257
0.720019 0.660681
0.730019 0.658068
0.740019 0.655421
0.750019 0.652738
0.760019 0.650022
0.770019 0.647272
0.780019 0.644489
0.790019 0.641673
0.800019 0.638825
0.810019 0.635945
0.820019 0.633034
0.830019 0.630093
0.840019 0.627122
0.850019 0.624121
0.860019 0.621091
0.870019 0.618033
0.880019 0.614947
0.890019 0.611834
0.900019 0.608693
0.910019 0.605526
0.920019 0.602333
0.930019 0.599115
0.940019 0.595872
0.950019 0.592605
0.960019 0.589314
0.970019 0.585999
0.980018 0.582662
0.990018 0.579302
1.000018 0.575921
1.010018 0.572519
1.020018 0.569096
1.030018 0.565653
1.040018 0.562190
1.050018 0.558708
1.060018 0.555207
1.070018 0.551688
1.080018 0.548152
1.090018 0.544598
1.100018 0.541028
1.110018 0.537443
1.120018 0.533841
1.130018 0.530225
1.140018 0.526594
1.150018 0.522949
1.160018 0.519290
1.170018 0.515619
1.180018 0.511936
1.190018 0.508240
1.200018 0.504533
1.210018 0.500816
1.220018 0.497088
1.230018 0.493350
1.240018 0.489603
1.250018 0.485847
1.260018 0.482083
1.270018 0.478311
1.280018 0.474532
1.290018 0.470746
1.300018 0.466955
1.310018 0.463157
1.320018 0.459354
1.330018 0.455547
1.340018 0.451736
1.350018 0.447921
1.360018 0.444103
1.370018 0.440283
1.380018 0.436460
1.390018 0.432636
1.400018 0.428811
1.410018 0.424986
1.420018 0.421160
1.430018 0.417336
1.440018 0.413512
1.450018 0.409690
1.460018 0.405870
1.470018 0.402053
1.480018 0.398239
1.490018 0.394428
1.500018 0.390622
1.510018 0.386820
1.520018 0.383024
1.530018 0.379234
1.540018 0.375450
1.550018 0.371672
1.560018 0.367902
1.570018 0.364140
1.580018 0.360386
1.590018 0.356641
1.600018 0.352905
1.610018 0.349180
1.620018 0.345465
1.630018 0.341760
1.640018 0.338068
1.650018 0.334387
1.660018 0.330718
1.670018 0.327063
1.680018 0.323422
1.690018 0.319794
1.700018 0.316181
1.710018 0.312583
1.720018 0.309001
1.730018 0.305434
1.740018 0.301885
1.750018 0.298353
1.760018 0.294838
1.770018 0.291341
1.780018 0.287864
1.790018 0.284405
1.800018 0.280967
1.810018 0.277548
1.820018 0.274151
1.830018 0.270775
1.840018 0.267420
1.850018 0.264088
1.860018 0.260779
1.870018 0.257493
1.880018 0.254232
1.890018 0.250994
1.900018 0.247782
1.910018 0.244595
1.920018 0.241434
1.930018 0.238300
1.940018 0.235193
1.950018 0.232113
1.960018 0.229061
1.970018 0.226038
1.980018 0.223044
1.990018 0.220080
2.000018 0.217145
2.010018 0.214242
2.020018 0.211370
2.030018 0.208529
2.040018 0.205721
2.050018 0.202945
2.060018 0.200203
2.070018 0.197494
2.080018 0.194820
2.090018 0.192180
2.100018 0.189576
2.110018 0.187008
2.120018 0.184476
2.130018 0.181981
2.140018 0.179523
2.150017 0.177103
2.160017 0.174721
2.170017 0.172377
2.180017 0.170070
2.190017 0.167800
2.200017 0.165567
2.210017 0.163369
2.220017 0.161208
2.230017 0.159083
2.240017 0.156993
2.250017 0.154938
2.260017 0.152918
2.270017 0.150933
2.280017 0.148982
2.290017 0.147064
2.300017 0.145181
2.310017 0.143330
2.320017 0.141513
2.330017 0.139728
2.340017 0.137976
2.350017 0.136255
2.360017 0.134567
2.370017 0.132910
2.380017 0.131284
2.390017 0.129689
2.400017 0.128125
2.410017 0.126590
2.420017 0.125086
2.430017 0.123612
2.440017 0.122166
2.450017 0.120750
2.460017 0.119363
2.470017 0.118004
2.480017 0.116673
2.490017 0.115370
2.500017 0.114094
2.510017 0.112846
2.520017 0.111624
2.530017 0.110429
2.540017 0.109261
2.550017 0.108118
2.560017 0.107001
2.570017 0.105910
2.580017 0.104843
2.590017 0.103802
2.600017 0.102785
2.610017 0.101792
2.620017 0.100823
2.630017 0.099877
2.640017 0.098955
2.650017 0.098055
2.660017 0.097179
2.670017 0.096324
2.680017 0.095492
2.690017 0.094681
2.700017 0.093892
2.710017 0.093124
2.720017 0.092377
2.730017 0.091650
2.740017 0.090944
2.750017 0.090257
2.760017 0.089590
2.770017 0.088943
2.780017 0.088314
2.790017 0.087704
2.800017 0.087113
2.810017 0.086539
2.820017 0.085983
2.830017 0.085445
2.840017 0.084924
2.850017 0.084420
2.860017 0.083932
2.870017 0.083461
2.880017 0.083005
2.890017 0.082566
2.900017 0.082141
2.910017 0.081732
2.920017 0.081337
2.930017 0.080957
2.940017 0.080591
2.950017 0.080238
2.960017 0.079900
2.970017 0.079574
2.980017 0.079261
2.990017 0.078961
3.000017 0.078674
3.010017 0.078398
3.020017 0.078134
3.030017 0.077881
3.040017 0.077640
3.050017 0.077409
3.060017 0.077188
3.070017 0.076978
3.080017 0.076778
3.090017 0.076587
3.100017 0.076406
3.110017 0.076233
3.120017 0.076069
3.130017 0.075914
3.140017 0.075766
3.150017 0.075627
3.160017 0.075494
3.170017 0.075369
3.180017 0.075251
3.190017 0.075139
3.200016 0.075033
3.210016 0.074934
3.220016 0.074840
3.230016 0.074751
3.240016 0.074667
3.250016 0.074588
3.260016 0.074513
3.270016 0.074442
3.280016 0.074376
3.290016 0.074312
3.300016 0.074252
3.310016 0.074195
3.320016 0.074140
3.330016 0.074087
3.340016 0.074037
3.350016 0.073988
3.360016 0.073940
3.370016 0.073894
3.380016 0.073848
3.390016 0.073803
3.400016 0.073757
3.410016 0.073712
3.420016 0.073666
3.430016 0.073619
3.440016 0.073572
3.450016 0.073523
3.460016 0.073472
3.470016 0.073419
3.480016 0.073364
3.490016 0.073306
3.500016 0.073245
3.510016 0.073181
3.520016 0.073114
3.530016 0.073043
3.540016 0.072967
3.550016 0.072888
3.560016 0.072803
3.570016 0.072713
3.580016 0.072618
3.590016 0.072518
3.600016 0.072413
3.610016 0.072302
3.620016 0.072186
3.630016 0.072065
3.640016 0.071940
3.650016 0.071809
3.660016 0.071673
3.670016 0.071533
3.680016 0.071388
3.690016 0.071238
3.700016 0.071084
3.710016 0.070925
3.720016 0.070762
3.730016 0.070594
3.740016 0.070423
3.750016 0.070247
3.760016 0.070066
3.770016 0.069882
3.780016 0.069694
3.790016 0.069502
3.800016 0.069306
3.810016 0.069106
3.820016 0.068903
3.830016 0.068695
3.840016 0.068485
3.850016 0.068270
3.860016 0.068053
3.870016 0.067832
3.880016 0.067607
3.890016 0.067380
3.900016 0.067149
3.910016 0.066915
3.920016 0.066678
3.930016 0.066438
3.940016 0.066196
3.950016 0.065950
3.960016 0.065702
3.970016 0.065451
3.980016 0.065198
3.990016 0.064942
4.000016 0.064683
4.010016 0.064422
4.020016 0.064159
4.030016 0.063894
4.040017 0.063626
4.050017 0.063356
4.060017 0.063085
4.070017 0.062811
4.080018 0.062535
4.090018 0.062258
4.100018 0.061979
4.110018 0.061698
4.120018 0.061415
4.130019 0.061131
4.140019 0.060846
4.150019 0.060559
4.160019 0.060270
4.170020 0.059981
4.180020 0.059690
4.190020 0.059398
4.200020 0.059105
4.210021 0.058812
4.220021 0.058517
4.230021 0.058221
4.240021 0.057925
4.250021 0.057628
4.260022 0.057330
4.270022 0.057031
4.280022 0.056733
4.290022 0.056433
4.300023 0.056134
4.310023 0.055834
4.320023 0.055534
4.330023 0.055233
4.340024 0.054933
4.350024 0.054633
4.360024 0.054333
4.370024 0.054032
4.380024 0.053732
4.390025 0.053433
4.400025 0.053134
4.410025 0.052835
4.420025 0.052536
4.430026 0.052238
4.440026 0.051941
4.450026 0.051645
4.460026 0.051349
4.470026 0.051054
4.480027 0.050760
4.490027 0.050467
4.500027 0.050175
4.510027 0.049884
4.520028 0.049594
4.530028 0.049306
4.540028 0.049019
4.550028 0.048733
4.560029 0.048449
4.570029 0.048166
4.580029 0.047885
4.590029 0.047606
4.600029 0.047328
4.610030 0.047052
4.620030 0.046778
4.630030 0.046507
4.640030 0.046237
4.650031 0.045969
4.660031 0.045703
4.670031 0.045440
4.680031 0.045178
4.690032 0.044920
4.700032 0.044663
4.710032 0.044410
4.720032 0.044158
4.730032 0.043910
4.740033 0.043664
4.750033 0.043421
4.760033 0.043181
4.770033 0.042944
4.780034 0.042710
4.790034 0.042478
4.800034 0.042250
4.810034 0.042026
4.820035 0.041804
4.830035 0.041586
4.840035 0.041372
4.850035 0.041160
4.860035 0.040953
4.870036 0.040749
4.880036 0.040549
4.890036 0.040352
4.900036 0.040160
4.910037 0.039971
4.920037 0.039786
4.930037 0.039606
4.940037 0.039429
4.950037 0.039257
4.960038 0.039089
4.970038 0.038925
4.980038 0.038766
4.990038 0.038611


-5.000000 0.038462
-4.990000 0.038610
-4.980000 0.038759
-4.969999 0.038909
-4.959999 0.039060
-4.949999 0.039212
-4.939999 0.039364
-4.929998 0.039518
-4.919998 0.039672
-4.909998 0.039828
-4.899998 0.039984
-4.889997 0.040141
-4.879997 0.040299
-4.869997 0.040458
-4.859997 0.040617
-4.849997 0.040778
-4.839996 0.040940
-4.829996 0.041103
-4.819996 0.041266
-4.809996 0.041431
-4.799995 0.041597
-4.789995 0.041763
-4.779995 0.041931
-4.769995 0.042099
-4.759995 0.042269
-4.749994 0.042440
-4.739994 0.042611
-4.729994 0.042784
-4.719994 0.042958
-4.709993 0.043132
-4.699993 0.043308
-4.689993 0.043485
-4.679993 0.043663
-4.669992 0.043842
-4.659992 0.044022
-4.649992 0.044203
-4.639992 0.044386
-4.629992 0.044569
-4.619991 0.044754
-4.609991 0.044940
-4.599991 0.045126
-4.589991 0.045314
-4.579990 0.045503
-4.569990 0.045694
-4.559990 0.045885
-4.549990 0.046078
-4.539989 0.046272
-4.529989 0.046467
-4.519989 0.046663
-4.509989 0.046860
-4.499989 0.047059
-4.489988 0.047259
-4.479988 0.047460
-4.469988 0.047662
-4.459988 0.047866
-4.449987 0.048071
-4.439987 0.048277
-4.429987 0.048485
-4.419987 0.048693
-4.409986 0.048904
-4.399986 0.049115
-4.389986 0.049328
-4.379986 0.049542
-4.369986 0.049758
-4.359985 0.049975
-4.349985 0.050193
-4.339985 0.050413
-4.329985 0.050634
-4.319984 0.050857
-4.309984 0.051081
-4.299984 0.051306
-4.289984 0.051534
-4.279984 0.051762
-4.269983 0.051992
-4.259983 0.052224
-4.249983 0.052457
-4.239983 0.052692
-4.229982 0.052928
-4.219982 0.053166
-4.209982 0.053405
-4.199982 0.053646
-4.189981 0.053889
-4.179981 0.054133
-4.169981 0.054379
-4.159981 0.054627
-4.149981 0.054876
-4.139980 0.055127
-4.129980 0.055380
-4.119980 0.055634
-4.109980 0.055890
-4.099979 0.056148
-4.089979 0.056408
-4.079979 0.056669
-4.069979 0.056932
-4.059978 0.057197
-4.049978 0.057463
-4.039978 0.057732
-4.029978 0.058002
-4.019978 0.058274
-4.009977 0.058548
-3.999977 0.058824
-3.989977 0.059102
-3.979977 0.059381
-3.969977 0.059663
-3.959977 0.059947
-3.949977 0.060232
-3.939977 0.060519
-3.929977 0.060809
-3.919977 0.061100
-3.909977 0.061394
-3.899977 0.061689
-3.889977 0.061987
-3.879977 0.062287
-3.869977 0.062589
-3.859977 0.062893
-3.849977 0.063199
-3.839978 0.063508
-3.829978 0.063819
-3.819978 0.064132
-3.809978 0.064447
-3.799978 0.064765
-3.789978 0.065085
-3.779978 0.065407
-3.769978 0.065732
-3.759978 0.066059
-3.749978 0.066388
-3.739978 0.066720
-3.729978 0.067054
-3.719978 0.067391
-3.709978 0.067730
-3.699978 0.068072
-3.689978 0.068416
-3.679978 0.068763
-3.669978 0.069113
-3.659978 0.069465
-3.649978 0.069820
-3.639978 0.070177
-3.629978 0.070537
-3.619978 0.070900
-3.609978 0.071266
-3.599978 0.071634
-3.589978 0.072005
-3.579978 0.072379
-3.569978 0.072756
-3.559978 0.073135
-3.549978 0.073517
-3.539978 0.073903
-3.529978 0.074291
-3.519978 0.074682
-3.509978 0.075076
-3.499978 0.075473
-3.489978 0.075873
-3.479978 0.076275
-3.469978 0.076682
-3.459978 0.077091
-3.449978 0.077503
-3.439978 0.077919
-3.429978 0.078337
-3.419978 0.078759
-3.409978 0.079185
-3.399978 0.079613
-3.389978 0.080046
-3.379978 0.080481
-3.369978 0.080920
-3.359978 0.081363
-3.349978 0.081809
-3.339978 0.082259
-3.329978 0.082712
-3.319978 0.083169
-3.309978 0.083630
-3.299978 0.084095
-3.289978 0.084563
-3.279978 0.085036
-3.269978 0.085512
-3.259978 0.085992
-3.249978 0.086477
-3.239978 0.086965
-3.229978 0.087457
-3.219978 0.087954
-3.209978 0.088454
-3.199978 0.088959
-3.189978 0.089468
-3.179978 0.089981
-3.169978 0.090499
-3.159978 0.091021
-3.149978 0.091547
-3.139978 0.092078
-3.129978 0.092614
-3.119978 0.093154
-3.109978 0.093698
-3.099978 0.094247
-3.089978 0.094801
-3.079978 0.095359
-3.069978 0.095923
-3.059978 0.096491
-3.049978 0.097063
-3.039978 0.097641
-3.029978 0.098224
-3.019978 0.098811
-3.009978 0.099404
-2.999978 0.100001
-2.989978 0.100604
-2.979978 0.101212
-2.969978 0.101825
-2.959978 0.102443
-2.949978 0.103067
-2.939978 0.103696
-2.929978 0.104331
-2.919978 0.104971
-2.909978 0.105617
-2.899978 0.106269
-2.889978 0.106926
-2.879978 0.107590
-2.869978 0.108259
-2.859978 0.108935
-2.849978 0.109617
-2.839978 0.110305
-2.829978 0.110999
-2.819978 0.111699
-2.809978 0.112406
-2.799978 0.113120
-2.789979 0.113840
-2.779979 0.114567
-2.769979 0.115300
-2.759979 0.116041
-2.749979 0.116788
-2.739979 0.117542
-2.729979 0.118304
-2.719979 0.119072
-2.709979 0.119848
-2.699979 0.120630
-2.689979 0.121421
-2.679979 0.122218
-2.669979 0.123023
-2.659979 0.123836
-2.649979 0.124657
-2.639979 0.125485
-2.629979 0.126321
-2.619979 0.127165
-2.609979 0.128016
-2.599979 0.128876
-2.589979 0.129744
-2.579979 0.130620
-2.569979 0.131505
-2.559979 0.132397
-2.549979 0.133298
-2.539979 0.134208
-2.529979 0.135126
-2.519979 0.136053
-2.509979 0.136989
-2.499979 0.137933
-2.489979 0.138886
-2.479979 0.139849
-2.469979 0.140820
-2.459979 0.141801
-2.449979 0.142791
-2.439979 0.143791
-2.429979 0.144802
-2.419979 0.145822
-2.409979 0.146852
-2.399979 0.147893
-2.389979 0.148944
-2.379979 0.150006
-2.369979 0.151079
-2.359979 0.152163
-2.349979 0.153258
-2.339979 0.154365
-2.329979 0.155483
-2.319979 0.156613
-2.309979 0.157755
-2.299979 0.158909
-2.289979 0.160076
-2.279979 0.161254
-2.269979 0.162446
-2.259979 0.163650
-2.249979 0.164867
-2.239979 0.166098
-2.229979 0.167341
-2.219979 0.168598
-2.209979 0.169869
-2.199979 0.171153
-2.189979 0.172452
-2.179979 0.173764
-2.169979 0.175091
-2.159979 0.176433
-2.149979 0.177789
-2.139979 0.179159
-2.129979 0.180545
-2.119979 0.181946
-2.109979 0.183363
-2.099979 0.184795
-2.089979 0.186242
-2.079979 0.187705
-2.069979 0.189185
-2.059979 0.190680
-2.049979 0.192192
-2.039979 0.193721
-2.029979 0.195266
-2.019979 0.196828
-2.009979 0.198407
-1.999979 0.200003
-1.989979 0.201617
-1.979979 0.203248
-1.969979 0.204898
-1.959979 0.206565
-1.949979 0.208251
-1.939979 0.209956
-1.929979 0.211679
-1.919979 0.213422
-1.909979 0.215185
-1.899979 0.216967
-1.889979 0.218770
-1.879979 0.220593
-1.869979 0.222436
-1.859979 0.224301
-1.849979 0.226187
-1.839979 0.228094
-1.829979 0.230023
-1.819979 0.231974
-1.809979 0.233948
-1.799979 0.235944
-1.789979 0.237963
-1.779979 0.240005
-1.769979 0.242070
-1.759979 0.244159
-1.749979 0.246273
-1.739980 0.248410
-1.729980 0.250572
-1.719980 0.252759
-1.709980 0.254970
-1.699980 0.257208
-1.689980 0.259470
-1.679980 0.261759
-1.669980 0.264074
-1.659980 0.266415
-1.649980 0.268783
-1.639980 0.271178
-1.629980 0.273601
-1.619980 0.276051
-1.609980 0.278528
-1.599980 0.281034
-1.589980 0.283568
-1.579980 0.286131
-1.569980 0.288723
-1.559980 0.291344
-1.549980 0.293994
-1.539980 0.296674
-1.529980 0.299385
-1.519980 0.302125
-1.509980 0.304896
-1.499980 0.307698
-1.489980 0.310531
-1.479980 0.313396
-1.469980 0.316293
-1.459980 0.319223
-1.449980 0.322187
-1.439980 0.325184
-1.429980 0.328217
-1.419980 0.331285
-1.409980 0.334389
-1.399980 0.337529
-1.389980 0.340706
-1.379980 0.343921
-1.369980 0.347175
-1.359980 0.350467
-1.349980 0.353799
-1.339980 0.357172
-1.329980 0.360585
-1.319980 0.364039
-1.309980 0.367535
-1.299980 0.371074
-1.289980 0.374656
-1.279980 0.378281
-1.269980 0.381952
-1.259980 0.385667
-1.249980 0.389427
-1.239980 0.393234
-1.229980 0.397087
-1.219980 0.400988
-1.209980 0.404937
-1.199980 0.408935
-1.189980 0.412981
-1.179980 0.417078
-1.169980 0.421224
-1.159980 0.425422
-1.149980 0.429671
-1.139980 0.433973
-1.129980 0.438327
-1.119980 0.442735
-1.109980 0.447197
-1.099980 0.451713
-1.089980 0.456284
-1.079980 0.460911
-1.069980 0.465595
-1.059980 0.470336
-1.049980 0.475134
-1.039980 0.479990
-1.029980 0.484906
-1.019980 0.489880
-1.009980 0.494915
-0.999980 0.500010
-0.989980 0.505166
-0.979980 0.510382
-0.969980 0.515656
-0.959980 0.520986
-0.949980 0.526371
-0.939980 0.531810
-0.929980 0.537300
-0.919980 0.542840
-0.909980 0.548429
-0.899980 0.554065
-0.889980 0.559747
-0.879980 0.565472
-0.869980 0.571240
-0.859980 0.577049
-0.849980 0.582896
-0.839980 0.588782
-0.829980 0.594703
-0.819980 0.600659
-0.809980 0.606647
-0.799980 0.612667
-0.789980 0.618717
-0.779980 0.624795
-0.769980 0.630899
-0.759980 0.637028
-0.749980 0.643181
-0.739980 0.649356
-0.729980 0.655551
-0.719980 0.661764
-0.709980 0.667995
-0.699980 0.674241
-0.689981 0.680502
-0.679981 0.686774
-0.669981 0.693058
-0.659981 0.699351
-0.649981 0.705651
-0.639981 0.711958
-0.629981 0.718269
-0.619981 0.724583
-0.609981 0.730899
-0.599981 0.737214
-0.589981 0.743528
-0.579981 0.749838
-0.569981 0.756144
-0.559981 0.762443
-0.549981 0.768733
-0.539981 0.775015
-0.529981 0.781285
-0.519981 0.787542
-0.509981 0.793785
-0.499981 0.800012
-0.489981 0.806221
-0.479981 0.812409
-0.469981 0.818570
-0.459981 0.824701
-0.449981 0.830797
-0.439981 0.836854
-0.429981 0.842869
-0.419981 0.848836
-0.409981 0.854751
-0.399981 0.860610
-0.389981 0.866409
-0.379981 0.872144
-0.369981 0.877809
-0.359981 0.883402
-0.349981 0.888917
-0.339981 0.894351
-0.329981 0.899698
-0.319981 0.904956
-0.309981 0.910119
-0.299981 0.915183
-0.289981 0.920145
-0.279981 0.924999
-0.269981 0.929741
-0.259981 0.934368
-0.249981 0.938875
-0.239981 0.943257
-0.229981 0.947511
-0.219981 0.951631
-0.209981 0.955614
-0.199981 0.959457
-0.189981 0.963153
-0.179981 0.966699
-0.169981 0.970091
-0.159981 0.973324
-0.149981 0.976394
-0.139981 0.979298
-0.129981 0.982029
-0.119981 0.984586
-0.109981 0.986962
-0.099981 0.989154
-0.089981 0.991157
-0.079981 0.992968
-0.069981 0.994581
-0.059981 0.995994
-0.049981 0.997200
-0.039981 0.998197
-0.029981 0.998980
-0.019981 0.999544
-0.009981 0.999885
0.000019 1.000000
0.010019 0.999885
0.020019 0.999542
0.030019 0.998977
0.040019 0.998194
0.050019 0.997196
0.060019 0.995989
0.070019 0.994576
0.080019 0.992961
0.090019 0.991150
0.100019 0.989146
0.110019 0.986953
0.120019 0.984576
0.130019 0.982019
0.140019 0.979287
0.150019 0.976383
0.160019 0.973312
0.170019 0.970078
0.180019 0.966686
0.190019 0.963139
0.200019 0.959442
0.210019 0.955600
0.220019 0.951616
0.230019 0.947494
0.240019 0.943240
0.250019 0.938858
0.260019 0.934351
0.270019 0.929724
0.280019 0.924981
0.290019 0.920126
0.300019 0.915164
0.310019 0.910100
0.320019 0.904936
0.330019 0.899678
0.340019 0.894330
0.350019 0.888896
0.360019 0.883381
0.370019 0.877788
0.380019 0.872122
0.390019 0.866387
0.400019 0.860588
0.410019 0.854728
0.420019 0.848813
0.430019 0.842846
0.440019 0.836831
0.450019 0.830774
0.460019 0.824677
0.470019 0.818546
0.480019 0.812385
0.490019 0.806197
0.500019 0.799988
0.510019 0.793761
0.520019 0.787518
0.530019 0.781261
0.540019 0.774991
0.550019 0.768709
0.560019 0.762419
0.570019 0.756119
0.580019 0.749814
0.590019 0.743504
0.600019 0.737190
0.610019 0.730875
0.620019 0.724559
0.630019 0.718245
0.640019 0.711934
0.650019 0.705627
0.660019 0.699327
0.670019 0.693034
0.680019 0.686750
0.690019 0.680478
0.700019 0.674217
0.710019 0.667971
0.720019 0.661740
0.730019 0.655527
0.740019 0.649332
0.750019 0.643157
0.760019 0.637005
0.770019 0.630875
0.780019 0.624771
0.790019 0.618693
0.800019 0.612644
0.810019 0.606624
0.820019 0.600636
0.830019 0.594680
0.840019 0.588759
0.850019 0.582874
0.860019 0.577026
0.870019 0.571218
0.880019 0.565450
0.890019 0.559725
0.900019 0.554044
0.910019 0.548408
0.920019 0.542819
0.930019 0.537279
0.940019 0.531789
0.950019 0.526350
0.960019 0.520965
0.970019 0.515635
0.980018 0.510362
0.990018 0.505146
1.000018 0.499991
1.010018 0.494896
1.020018 0.489861
1.030018 0.484887
1.040018 0.479972
1.050018 0.475116
1.060018 0.470318
1.070018 0.465577
1.080018 0.460894
1.090018 0.456267
1.100018 0.451695
1.110018 0.447179
1.120018 0.442718
1.130018 0.438311
1.140018 0.433956
1.150018 0.429655
1.160018 0.425406
1.170018 0.421208
1.180018 0.417062
1.190018 0.412966
1.200018 0.408919
1.210018 0.404922
1.220018 0.400973
1.230018 0.397073
1.240018 0.393219
1.250018 0.389413
1.260018 0.385652
1.270018 0.381937
1.280018 0.378268
1.290018 0.374642
1.300018 0.371060
1.310018 0.367522
1.320018 0.364026
1.330018 0.360571
1.340018 0.357159
1.350018 0.353787
1.360018 0.350455
1.370018 0.347162
1.380018 0.343909
1.390018 0.340694
1.400018 0.337517
1.410018 0.334377
1.420018 0.331273
1.430018 0.328205
1.440018 0.325173
1.450018 0.322175
1.460018 0.319212
1.470018 0.316282
1.480018 0.313385
1.490018 0.310520
1.500018 0.307687
1.510018 0.304885
1.520018 0.302115
1.530018 0.299374
1.540018 0.296664
1.550018 0.293984
1.560018 0.291334
1.570018 0.288713
1.580018 0.286121
1.590018 0.283559
1.600018 0.281024
1.610018 0.278519
1.620018 0.276041
1.630018 0.273591
1.640018 0.271169
1.650018 0.268774
1.660018 0.266406
1.670018 0.264065
1.680018 0.261750
1.690018 0.259462
1.700018 0.257199
1.710018 0.254962
1.720018 0.252750
1.730018 0.250564
1.740018 0.248402
1.750018 0.246264
1.760018 0.244151
1.770018 0.242062
1.780018 0.239997
1.790018 0.237955
1.800018 0.235936
1.810018 0.233940
1.820018 0.231967
1.830018 0.230016
1.840018 0.228087
1.850018 0.226179
1.860018 0.224294
1.870018 0.222429
1.880018 0.220586
1.890018 0.218763
1.900018 0.216960
1.910018 0.215178
1.920018 0.213416
1.930018 0.211673
1.940018 0.209949
1.950018 0.208244
1.960018 0.206559
1.970018 0.204891
1.980018 0.203242
1.990018 0.201611
2.000018 0.199997
2.010018 0.198401
2.020018 0.196822
2.030018 0.195260
2.040018 0.193715
2.050018 0.192187
2.060018 0.190675
2.070018 0.189179
2.080018 0.187700
2.090018 0.186237
2.100018 0.184789
2.110018 0.183357
2.120018 0.181941
2.130018 0.180540
2.140018 0.179154
2.150017 0.177783
2.160017 0.176427
2.170017 0.175086
2.180017 0.173759
2.190017 0.172447
2.200017 0.171148
2.210017 0.169864
2.220017 0.168593
2.230017 0.167336
2.240017 0.166093
2.250017 0.164863
2.260017 0.163645
2.270017 0.162441
2.280017 0.161250
2.290017 0.160071
2.300017 0.158905
2.310017 0.157751
2.320017 0.156609
2.330017 0.155479
2.340017 0.154361
2.350017 0.153254
2.360017 0.152159
2.370017 0.151075
2.380017 0.150002
2.390017 0.148940
2.400017 0.147889
2.410017 0.146848
2.420017 0.145818
2.430017 0.144798
2.440017 0.143788
2.450017 0.142788
2.460017 0.141797
2.470017 0.140816
2.480017 0.139845
2.490017 0.138883
2.500017 0.137929
2.510017 0.136985
2.520017 0.136050
2.530017 0.135123
2.540017 0.134205
2.550017 0.133295
2.560017 0.132394
2.570017 0.131501
2.580017 0.130617
2.590017 0.129741
2.600017 0.128873
2.610017 0.128013
2.620017 0.127161
2.630017 0.126317
2.640017 0.125482
2.650017 0.124653
2.660017 0.123833
2.670017 0.123020
2.680017 0.122215
2.690017 0.121418
2.700017 0.120627
2.710017 0.119845
2.720017 0.119069
2.730017 0.118301
2.740017 0.117539
2.750017 0.116785
2.760017 0.116038
2.770017 0.115298
2.780017 0.114564
2.790017 0.113837
2.800017 0.113117
2.810017 0.112404
2.820017 0.111697
2.830017 0.110996
2.840017 0.110302
2.850017 0.109614
2.860017 0.108932
2.870017 0.108257
2.880017 0.107587
2.890017 0.106924
2.900017 0.106266
2.910017 0.105615
2.920017 0.104969
2.930017 0.104328
2.940017 0.103694
2.950017 0.103064
2.960017 0.102441
2.970017 0.101822
2.980017 0.101209
2.990017 0.100602
3.000017 0.099999
3.010017 0.099401
3.020017 0.098809
3.030017 0.098221
3.040017 0.097639
3.050017 0.097061
3.060017 0.096488
3.070017 0.095920
3.080017 0.095357
3.090017 0.094799
3.100017 0.094245
3.110017 0.093696
3.120017 0.093151
3.130017 0.092612
3.140017 0.092076
3.150017 0.091545
3.160017 0.091019
3.170017 0.090497
3.180017 0.089979
3.190017 0.089466
3.200016 0.088957
3.210016 0.088452
3.220016 0.087952
3.230016 0.087455
3.240016 0.086963
3.250016 0.086475
3.260016 0.085990
3.270016 0.085510
3.280016 0.085034
3.290016 0.084562
3.300016 0.084093
3.310016 0.083628
3.320016 0.083168
3.330016 0.082710
3.340016 0.082257
3.350016 0.081807
3.360016 0.081361
3.370016 0.080918
3.380016 0.080479
3.390016 0.080044
3.400016 0.079612
3.410016 0.079183
3.420016 0.078758
3.430016 0.078336
3.440016 0.077917
3.450016 0.077501
3.460016 0.077089
3.470016 0.076680
3.480016 0.076274
3.490016 0.075871
3.500016 0.075471
3.510016 0.075074
3.520016 0.074680
3.530016 0.074289
3.540016 0.073901
3.550016 0.073516
3.560016 0.073134
3.570016 0.072754
3.580016 0.072377
3.590016 0.072004
3.600016 0.071633
3.610016 0.071264
3.620016 0.070899
3.630016 0.070536
3.640016 0.070176
3.650016 0.069818
3.660016 0.069464
3.670016 0.069112
3.680016 0.068762
3.690016 0.068415
3.700016 0.068071
3.710016 0.067729
3.720016 0.067390
3.730016 0.067053
3.740016 0.066719
3.750016 0.066387
3.760016 0.066057
3.770016 0.065730
3.780016 0.065406
3.790016 0.065083
3.800016 0.064763
3.810016 0.064446
3.820016 0.064131
3.830016 0.063818
3.840016 0.063507
3.850016 0.063198
3.860016 0.062892
3.870016 0.062588
3.880016 0.062286
3.890016 0.061986
3.900016 0.061688
3.910016 0.061393
3.920016 0.061099
3.930016 0.060808
3.940016 0.060518
3.950016 0.060231
3.960016 0.059945
3.970016 0.059662
3.980016 0.059380
3.990016 0.059101
4.000016 0.058823
4.010016 0.058547
4.020016 0.058273
4.030016 0.058001
4.040017 0.057731
4.050017 0.057462
4.060017 0.057196
4.070017 0.056931
4.080018 0.056668
4.090018 0.056407
4.100018 0.056147
4.110018 0.055889
4.120018 0.055633
4.130019 0.055379
4.140019 0.055126
4.150019 0.054875
4.160019 0.054626
4.170020 0.054378
4.180020 0.054132
4.190020 0.053888
4.200020 0.053646
4.210021 0.053404
4.220021 0.053165
4.230021 0.052927
4.240021 0.052691
4.250021 0.052456
4.260022 0.052223
4.270022 0.051991
4.280022 0.051761
4.290022 0.051533
4.300023 0.051306
4.310023 0.051080
4.320023 0.050856
4.330023 0.050633
4.340024 0.050412
4.350024 0.050192
4.360024 0.049974
4.370024 0.049757
4.380024 0.049541
4.390025 0.049327
4.400025 0.049114
4.410025 0.048903
4.420025 0.048693
4.430026 0.048484
4.440026 0.048276
4.450026 0.048070
4.460026 0.047865
4.470026 0.047662
4.480027 0.047459
4.490027 0.047258
4.500027 0.047058
4.510027 0.046860
4.520028 0.046662
4.530028 0.046466
4.540028 0.046271
4.550028 0.046077
4.560029 0.045885
4.570029 0.045693
4.580029 0.045503
4.590029 0.045314
4.600029 0.045126
4.610030 0.044939
4.620030 0.044753
4.630030 0.044569
4.640030 0.044385
4.650031 0.044203
4.660031 0.044022
4.670031 0.043841
4.680031 0.043662
4.690032 0.043484
4.700032 0.043307
4.710032 0.043132
4.720032 0.042957
4.730032 0.042783
4.740033 0.042611
4.750033 0.042439
4.760033 0.042268
4.770033 0.042099
4.780034 0.041930
4.790034 0.041763
4.800034 0.041596
4.810034 0.041430
4.820035 0.041266
4.830035 0.041102
4.840035 0.040939
4.850035 0.040778
4.860035 0.040617
4.870036 0.040457
4.880036 0.040298
4.890036 0.040140
4.900036 0.039983
4.910037 0.039827
4.920037 0.039672
4.930037 0.039517
4.940037 0.039364
4.950037 0.039211
4.960038 0.039059
4.970038 0.038909
4.980038 0.038759
4.990038 0.038609


-5.000000 0.038462
-4.990000 0.038609
-4.980000 0.038756
-4.969999 0.038903
-4.959999 0.039049
-4.949999 0.039195
-4.939999 0.039340
-4.929998 0.039485
-4.919998 0.039629
-4.909998 0.039774
-4.899998 0.039918
-4.889997 0.040062
-4.879997 0.040206
-4.869997 0.040350
-4.859997 0.040494
-4.849997 0.040638
-4.839996 0.040782
-4.829996 0.040927
-4.819996 0.041071
-4.809996 0.041216
-4.799995 0.041361
-4.789995 0.041506
-4.779995 0.041652
-4.769995 0.041798
-4.759995 0.041945
-4.749994 0.042092
-4.739994 0.042240
-4.729994 0.042388
-4.719994 0.042537
-4.709993 0.042687
-4.699993 0.042838
-4.689993 0.042989
-4.679993 0.043142
-4.669992 0.043295
-4.659992 0.043449
-4.649992 0.043604
-4.639992 0.043760
-4.629992 0.043917
-4.619991 0.044076
-4.609991 0.044236
-4.599991 0.044397
-4.589991 0.044559
-4.579990 0.044722
-4.569990 0.044887
-4.559990 0.045054
-4.549990 0.045221
-4.539989 0.045391
-4.529989 0.045562
-4.519989 0.045734
-4.509989 0.045909
-4.499989 0.046085
-4.489988 0.046263
-4.479988 0.046442
-4.469988 0.046624
-4.459988 0.046807
-4.449987 0.046992
-4.439987 0.047180
-4.429987 0.047369
-4.419987 0.047561
-4.409986 0.047754
-4.399986 0.047950
-4.389986 0.048148
-4.379986 0.048349
-4.369986 0.048552
-4.359985 0.048757
-4.349985 0.048964
-4.339985 0.049175
-4.329985 0.049387
-4.319984 0.049602
-4.309984 0.049820
-4.299984 0.050041
-4.289984 0.050264
-4.279984 0.050490
-4.269983 0.050719
-4.259983 0.050951
-4.249983 0.051185
-4.239983 0.051423
-4.229982 0.051664
-4.219982 0.051907
-4.209982 0.052154
-4.199982 0.052404
-4.189981 0.052657
-4.179981 0.052914
-4.169981 0.053174
-4.159981 0.053437
-4.149981 0.053703
-4.139980 0.053973
-4.129980 0.054247
-4.119980 0.054524
-4.109980 0.054804
-4.099979 0.055088
-4.089979 0.055376
-4.079979 0.055668
-4.069979 0.055963
-4.059978 0.056262
-4.049978 0.056565
-4.039978 0.056872
-4.029978 0.057183
-4.019978 0.057498
-4.009977 0.057818
-3.999977 0.058141
-3.989977 0.058468
-3.979977 0.058800
-3.969977 0.059135
-3.959977 0.059475
-3.949977 0.059820
-3.939977 0.060169
-3.929977 0.060522
-3.919977 0.060880
-3.909977 0.061242
-3.899977 0.061609
-3.889977 0.061981
-3.879977 0.062357
-3.869977 0.062738
-3.859977 0.063123
-3.849977 0.063513
-3.839978 0.063907
-3.829978 0.064306
-3.819978 0.064709
-3.809978 0.065116
-3.799978 0.065527
-3.789978 0.065942
-3.779978 0.066361
-3.769978 0.066783
-3.759978 0.067210
-3.749978 0.067640
-3.739978 0.068074
-3.729978 0.068511
-3.719978 0.068952
-3.709978 0.069397
-3.699978 0.069844
-3.689978 0.070295
-3.679978 0.070749
-3.669978 0.071205
-3.659978 0.071665
-3.649978 0.072128
-3.639978 0.072594
-3.629978 0.073062
-3.619978 0.073533
-3.609978 0.074007
-3.599978 0.074483
-3.589978 0.074961
-3.579978 0.075442
-3.569978 0.075926
-3.559978 0.076411
-3.549978 0.076899
-3.539978 0.077388
-3.529978 0.077880
-3.519978 0.078373
-3.509978 0.078868
-3.499978 0.079365
-3.489978 0.079864
-3.479978 0.080364
-3.469978 0.080866
-3.459978 0.081369
-3.449978 0.081874
-3.439978 0.082379
-3.429978 0.082886
-3.419978 0.083394
-3.409978 0.083903
-3.399978 0.084413
-3.389978 0.084924
-3.379978 0.085436
-3.369978 0.085948
-3.359978 0.086461
-3.349978 0.086975
-3.339978 0.087489
-3.329978 0.088004
-3.319978 0.088518
-3.309978 0.089033
-3.299978 0.089549
-3.289978 0.090064
-3.279978 0.090579
-3.269978 0.091095
-3.259978 0.091610
-3.249978 0.092125
-3.239978 0.092639
-3.229978 0.093154
-3.219978 0.093667
-3.209978 0.094181
-3.199978 0.094693
-3.189978 0.095205
-3.179978 0.095716
-3.169978 0.096227
-3.159978 0.096736
-3.149978 0.097245
-3.139978 0.097752
-3.129978 0.098258
-3.119978 0.098763
-3.109978 0.099267
-3.099978 0.099769
-3.089978 0.100270
-3.079978 0.100769
-3.069978 0.101267
-3.059978 0.101763
-3.049978 0.102257
-3.039978 0.102749
-3.029978 0.103239
-3.019978 0.103728
-3.009978 0.104214
-2.999978 0.104698
-2.989978 0.105180
-2.979978 0.105659
-2.969978 0.106136
-2.959978 0.106611
-2.949978 0.107083
-2.939978 0.107552
-2.929978 0.108019
-2.919978 0.108483
-2.909978 0.108944
-2.899978 0.109402
-2.889978 0.109857
-2.879978 0.110309
-2.869978 0.110758
-2.859978 0.111203
-2.849978 0.111645
-2.839978 0.112084
-2.829978 0.112519
-2.819978 0.112951
-2.809978 0.113379
-2.799978 0.113803
-2.789979 0.114223
-2.779979 0.114640
-2.769979 0.115052
-2.759979 0.115461
-2.749979 0.115867
-2.739979 0.116271
-2.729979 0.116673
-2.719979 0.117073
-2.709979 0.117473
-2.699979 0.117873
-2.689979 0.118273
-2.679979 0.118674
-2.669979 0.119076
-2.659979 0.119481
-2.649979 0.119888
-2.639979 0.120298
-2.629979 0.120712
-2.619979 0.121131
-2.609979 0.121554
-2.599979 0.121983
-2.589979 0.122418
-2.579979 0.122859
-2.569979 0.123308
-2.559979 0.123764
-2.549979 0.124229
-2.539979 0.124702
-2.529979 0.125185
-2.519979 0.125678
-2.509979 0.126181
-2.499979 0.126695
-2.489979 0.127221
-2.479979 0.127759
-2.469979 0.128310
-2.459979 0.128874
-2.449979 0.129453
-2.439979 0.130045
-2.429979 0.130653
-2.419979 0.131276
-2.409979 0.131915
-2.399979 0.132571
-2.389979 0.133245
-2.379979 0.133936
-2.369979 0.134645
-2.359979 0.135374
-2.349979 0.136122
-2.339979 0.136890
-2.329979 0.137679
-2.319979 0.138489
-2.309979 0.139320
-2.299979 0.140174
-2.289979 0.141051
-2.279979 0.141952
-2.269979 0.142876
-2.259979 0.143825
-2.249979 0.144799
-2.239979 0.145799
-2.229979 0.146825
-2.219979 0.147878
-2.209979 0.148958
-2.199979 0.150067
-2.189979 0.151203
-2.179979 0.152369
-2.169979 0.153565
-2.159979 0.154790
-2.149979 0.156047
-2.139979 0.157335
-2.129979 0.158655
-2.119979 0.160007
-2.109979 0.161392
-2.099979 0.162811
-2.089979 0.164264
-2.079979 0.165751
-2.069979 0.167274
-2.059979 0.168833
-2.049979 0.170428
-2.039979 0.172060
-2.029979 0.173730
-2.019979 0.175437
-2.009979 0.177184
-1.999979 0.178969
-1.989979 0.180794
-1.979979 0.182660
-1.969979 0.184567
-1.959979 0.186515
-1.949979 0.188505
-1.939979 0.190537
-1.929979 0.192613
-1.919979 0.194732
-1.909979 0.196896
-1.899979 0.199105
-1.889979 0.201358
-1.879979 0.203658
-1.869979 0.206005
-1.859979 0.208398
-1.849979 0.210839
-1.839979 0.213329
-1.829979 0.215867
-1.819979 0.218454
-1.809979 0.221092
-1.799979 0.223779
-1.789979 0.226518
-1.779979 0.229309
-1.769979 0.232151
-1.759979 0.235046
-1.749979 0.237995
-1.739980 0.240997
-1.729980 0.244054
-1.719980 0.247166
-1.709980 0.250333
-1.699980 0.253556
-1.689980 0.256836
-1.679980 0.260173
-1.669980 0.263568
-1.659980 0.267022
-1.649980 0.270532
-1.639980 0.274100
-1.629980 0.277724
-1.619980 0.281402
-1.609980 0.285133
-1.599980 0.288917
-1.589980 0.292752
-1.579980 0.296638
-1.569980 0.300573
-1.559980 0.304556
-1.549980 0.308586
-1.539980 0.312663
-1.529980 0.316784
-1.519980 0.320949
-1.509980 0.325157
-1.499980 0.329407
-1.489980 0.333697
-1.479980 0.338027
-1.469980 0.342396
-1.459980 0.346802
-1.449980 0.351245
-1.439980 0.355723
-1.429980 0.360235
-1.419980 0.364780
-1.409980 0.369358
-1.399980 0.373967
-1.389980 0.378605
-1.379980 0.383273
-1.369980 0.387969
-1.359980 0.392691
-1.349980 0.397439
-1.339980 0.402212
-1.329980 0.407008
-1.319980 0.411827
-1.309980 0.416667
-1.299980 0.421528
-1.289980 0.426408
-1.279980 0.431306
-1.269980 0.436222
-1.259980 0.441153
-1.249980 0.446100
-1.239980 0.451061
-1.229980 0.456034
-1.219980 0.461019
-1.209980 0.466016
-1.199980 0.471021
-1.189980 0.476036
-1.179980 0.481058
-1.169980 0.486087
-1.159980 0.491120
-1.149980 0.496159
-1.139980 0.501200
-1.129980 0.506244
-1.119980 0.511289
-1.109980 0.516334
-1.099980 0.521378
-1.089980 0.526420
-1.079980 0.531459
-1.069980 0.536494
-1.059980 0.541523
-1.049980 0.546547
-1.039980 0.551562
-1.029980 0.556570
-1.019980 0.561567
-1.009980 0.566554
-0.999980 0.571530
-0.989980 0.576493
-0.979980 0.581441
-0.969980 0.586375
-0.959980 0.591293
-0.949980 0.596194
-0.939980 0.601077
-0.929980 0.605941
-0.919980 0.610785
-0.909980 0.615607
-0.899980 0.620407
-0.889980 0.625183
-0.879980 0.629935
-0.869980 0.634662
-0.859980 0.639361
-0.849980 0.644033
-0.839980 0.648677
-0.829980 0.653290
-0.819980 0.657872
-0.809980 0.662423
-0.799980 0.666940
-0.789980 0.671424
-0.779980 0.675872
-0.769980 0.680284
-0.759980 0.684658
-0.749980 0.688995
-0.739980 0.693291
-0.729980 0.697547
-0.719980 0.701762
-0.709980 0.705934
-0.699980 0.710062
-0.689981 0.714145
-0.679981 0.718183
-0.669981 0.722173
-0.659981 0.726116
-0.649981 0.730009
-0.639981 0.733852
-0.629981 0.737644
-0.619981 0.741384
-0.609981 0.745070
-0.599981 0.748702
-0.589981 0.752278
-0.579981 0.755798
-0.569981 0.759260
-0.559981 0.762664
-0.549981 0.766008
-0.539981 0.769291
-0.529981 0.772514
-0.519981 0.775677
-0.509981 0.778780
-0.499981 0.781823
-0.489981 0.784805
-0.479981 0.787727
-0.469981 0.790589
-0.459981 0.793390
-0.449981 0.796131
-0.439981 0.798812
-0.429981 0.801433
-0.419981 0.803994
-0.409981 0.806494
-0.399981 0.808934
-0.389981 0.811314
-0.379981 0.813633
-0.369981 0.815892
-0.359981 0.818091
-0.349981 0.820230
-0.339981 0.822309
-0.329981 0.824327
-0.319981 0.826285
-0.309981 0.828183
-0.299981 0.830020
-0.289981 0.831797
-0.279981 0.833515
-0.269981 0.835171
-0.259981 0.836768
-0.249981 0.838304
-0.239981 0.839780
-0.229981 0.841196
-0.219981 0.842551
-0.209981 0.843847
-0.199981 0.845082
-0.189981 0.846256
-0.179981 0.847371
-0.169981 0.848425
-0.159981 0.849419
-0.149981 0.850353
-0.139981 0.851226
-0.129981 0.852040
-0.119981 0.852793
-0.109981 0.853485
-0.099981 0.854118
-0.089981 0.854690
-0.079981 0.855202
-0.069981 0.855654
-0.059981 0.856045
-0.049981 0.856377
-0.039981 0.856648
-0.029981 0.856858
-0.019981 0.857009
-0.009981 0.857099
0.000019 0.857129
0.010019 0.857099
0.020019 0.857008
0.030019 0.856858
0.040019 0.856647
0.050019 0.856376
0.060019 0.856044
0.070019 0.855652
0.080019 0.855200
0.090019 0.854688
0.100019 0.854116
0.110019 0.853483
0.120019 0.852790
0.130019 0.852037
0.140019 0.851223
0.150019 0.850349
0.160019 0.849415
0.170019 0.848421
0.180019 0.847367
0.190019 0.846252
0.200019 0.845077
0.210019 0.843842
0.220019 0.842546
0.230019 0.841190
0.240019 0.839774
0.250019 0.838298
0.260019 0.836762
0.270019 0.835165
0.280019 0.833508
0.290019 0.831791
0.300019 0.830013
0.310019 0.828176
0.320019 0.826278
0.330019 0.824319
0.340019 0.822301
0.350019 0.820222
0.360019 0.818083
0.370019 0.815884
0.380019 0.813624
0.390019 0.811305
0.400019 0.808925
0.410019 0.806484
0.420019 0.803984
0.430019 0.801423
0.440019 0.798802
0.450019 0.796121
0.460019 0.793379
0.470019 0.790578
0.480019 0.787716
0.490019 0.784794
0.500019 0.781811
0.510019 0.778768
0.520019 0.775665
0.530019 0.772502
0.540019 0.769279
0.550019 0.765995
0.560019 0.762651
0.570019 0.759247
0.580019 0.755785
0.590019 0.752265
0.600019 0.748688
0.610019 0.745056
0.620019 0.741370
0.630019 0.737630
0.640019 0.733837
0.650019 0.729994
0.660019 0.726101
0.670019 0.722158
0.680019 0.718167
0.690019 0.714130
0.700019 0.710046
0.710019 0.705918
0.720019 0.701746
0.730019 0.697531
0.740019 0.693275
0.750019 0.688978
0.760019 0.684642
0.770019 0.680267
0.780019 0.675855
0.790019 0.671407
0.800019 0.666923
0.810019 0.662406
0.820019 0.657855
0.830019 0.653272
0.840019 0.648659
0.850019 0.644015
0.860019 0.639343
0.870019 0.634643
0.880019 0.629917
0.890019 0.625165
0.900019 0.620389
0.910019 0.615588
0.920019 0.610766
0.930019 0.605923
0.940019 0.601059
0.950019 0.596176
0.960019 0.591275
0.970019 0.586357
0.980018 0.581422
0.990018 0.576474
1.000018 0.571511
1.010018 0.566535
1.020018 0.561548
1.030018 0.556551
1.040018 0.551543
1.050018 0.546527
1.060018 0.541504
1.070018 0.536475
1.080018 0.531440
1.090018 0.526401
1.100018 0.521359
1.110018 0.516315
1.120018 0.511270
1.130018 0.506225
1.140018 0.501181
1.150018 0.496140
1.160018 0.491101
1.170018 0.486067
1.180018 0.481039
1.190018 0.476017
1.200018 0.471002
1.210018 0.465997
1.220018 0.461000
1.230018 0.456015
1.240018 0.451042
1.250018 0.446081
1.260018 0.441135
1.270018 0.436203
1.280018 0.431288
1.290018 0.426389
1.300018 0.421509
1.310018 0.416649
1.320018 0.411808
1.330018 0.406990
1.340018 0.402193
1.350018 0.397421
1.360018 0.392673
1.370018 0.387951
1.380018 0.383255
1.390018 0.378588
1.400018 0.373949
1.410018 0.369341
1.420018 0.364763
1.430018 0.360218
1.440018 0.355706
1.450018 0.351228
1.460018 0.346785
1.470018 0.342379
1.480018 0.338011
1.490018 0.333681
1.500018 0.329391
1.510018 0.325141
1.520018 0.320933
1.530018 0.316768
1.540018 0.312647
1.550018 0.308571
1.560018 0.304541
1.570018 0.300558
1.580018 0.296623
1.590018 0.292738
1.600018 0.288903
1.610018 0.285119
1.620018 0.281387
1.630018 0.277710
1.640018 0.274087
1.650018 0.270519
1.660018 0.267008
1.670018 0.263555
1.680018 0.260161
1.690018 0.256824
1.700018 0.253544
1.710018 0.250321
1.720018 0.247154
1.730018 0.244042
1.740018 0.240986
1.750018 0.237984
1.760018 0.235035
1.770018 0.232140
1.780018 0.229298
1.790018 0.226508
1.800018 0.223769
1.810018 0.221082
1.820018 0.218444
1.830018 0.215857
1.840018 0.213319
1.850018 0.210830
1.860018 0.208389
1.870018 0.205996
1.880018 0.203650
1.890018 0.201350
1.900018 0.199096
1.910018 0.196888
1.920018 0.194724
1.930018 0.192605
1.940018 0.190529
1.950018 0.188497
1.960018 0.186507
1.970018 0.184559
1.980018 0.182653
1.990018 0.180787
2.000018 0.178962
2.010018 0.177177
2.020018 0.175431
2.030018 0.173723
2.040018 0.172054
2.050018 0.170422
2.060018 0.168827
2.070018 0.167268
2.080018 0.165745
2.090018 0.164258
2.100018 0.162805
2.110018 0.161387
2.120018 0.160001
2.130018 0.158649
2.140018 0.157330
2.150017 0.156042
2.160017 0.154786
2.170017 0.153560
2.180017 0.152365
2.190017 0.151199
2.200017 0.150062
2.210017 0.148954
2.220017 0.147874
2.230017 0.146821
2.240017 0.145795
2.250017 0.144795
2.260017 0.143821
2.270017 0.142872
2.280017 0.141948
2.290017 0.141048
2.300017 0.140171
2.310017 0.139317
2.320017 0.138485
2.330017 0.137676
2.340017 0.136887
2.350017 0.136119
2.360017 0.135371
2.370017 0.134643
2.380017 0.133933
2.390017 0.133242
2.400017 0.132569
2.410017 0.131913
2.420017 0.131273
2.430017 0.130650
2.440017 0.130043
2.450017 0.129450
2.460017 0.128872
2.470017 0.128308
2.480017 0.127757
2.490017 0.127219
2.500017 0.126693
2.510017 0.126179
2.520017 0.125676
2.530017 0.125183
2.540017 0.124700
2.550017 0.124227
2.560017 0.123762
2.570017 0.123306
2.580017 0.122858
2.590017 0.122416
2.600017 0.121981
2.610017 0.121553
2.620017 0.121129
2.630017 0.120711
2.640017 0.120297
2.650017 0.119886
2.660017 0.119479
2.670017 0.119075
2.680017 0.118672
2.690017 0.118271
2.700017 0.117871
2.710017 0.117472
2.720017 0.117072
2.730017 0.116671
2.740017 0.116270
2.750017 0.115866
2.760017 0.115460
2.770017 0.115051
2.780017 0.114638
2.790017 0.114222
2.800017 0.113801
2.810017 0.113377
2.820017 0.112949
2.830017 0.112517
2.840017 0.112082
2.850017 0.111643
2.860017 0.111201
2.870017 0.110756
2.880017 0.110307
2.890017 0.109855
2.900017 0.109400
2.910017 0.108942
2.920017 0.108481
2.930017 0.108017
2.940017 0.107551
2.950017 0.107081
2.960017 0.106609
2.970017 0.106135
2.980017 0.105657
2.990017 0.105178
3.000017 0.104696
3.010017 0.104212
3.020017 0.103726
3.030017 0.103238
3.040017 0.102747
3.050017 0.102255
3.060017 0.101761
3.070017 0.101265
3.080017 0.100767
3.090017 0.100268
3.100017 0.099767
3.110017 0.099265
3.120017 0.098761
3.130017 0.098256
3.140017 0.097750
3.150017 0.097243
3.160017 0.096734
3.170017 0.096225
3.180017 0.095714
3.190017 0.095203
3.200016 0.094691
3.210016 0.094179
3.220016 0.093665
3.230016 0.093152
3.240016 0.092637
3.250016 0.092123
3.260016 0.091608
3.270016 0.091093
3.280016 0.090577
3.290016 0.090062
3.300016 0.089547
3.310016 0.089031
3.320016 0.088516
3.330016 0.088002
3.340016 0.087487
3.350016 0.086973
3.360016 0.086459
3.370016 0.085946
3.380016 0.085434
3.390016 0.084922
3.400016 0.084411
3.410016 0.083901
3.420016 0.083392
3.430016 0.082884
3.440016 0.082377
3.450016 0.081872
3.460016 0.081367
3.470016 0.080864
3.480016 0.080362
3.490016 0.079862
3.500016 0.079363
3.510016 0.078867
3.520016 0.078371
3.530016 0.077878
3.540016 0.077386
3.550016 0.076897
3.560016 0.076409
3.570016 0.075924
3.580016 0.075441
3.590016 0.074960
3.600016 0.074481
3.610016 0.074005
3.620016 0.073531
3.630016 0.073060
3.640016 0.072592
3.650016 0.072126
3.660016 0.071664
3.670016 0.071204
3.680016 0.070747
3.690016 0.070293
3.700016 0.069842
3.710016 0.069395
3.720016 0.068951
3.730016 0.068510
3.740016 0.068072
3.750016 0.067639
3.760016 0.067208
3.770016 0.066782
3.780016 0.066359
3.790016 0.065940
3.800016 0.065525
3.810016 0.065114
3.820016 0.064707
3.830016 0.064304
3.840016 0.063906
3.850016 0.063512
3.860016 0.063122
3.870016 0.062736
3.880016 0.062355
3.890016 0.061979
3.900016 0.061608
3.910016 0.061241
3.920016 0.060878
3.930016 0.060521
3.940016 0.060167
3.950016 0.059819
3.960016 0.059474
3.970016 0.059134
3.980016 0.058798
3.990016 0.058467
4.000016 0.058139
4.010016 0.057816
4.020016 0.057497
4.030016 0.057182
4.040017 0.056871
4.050017 0.056564
4.060017 0.056261
4.070017 0.055962
4.080018 0.055667
4.090018 0.055375
4.100018 0.055087
4.110018 0.054803
4.120018 0.054522
4.130019 0.054246
4.140019 0.053972
4.150019 0.053702
4.160019 0.053436
4.170020 0.053173
4.180020 0.052913
4.190020 0.052656
4.200020 0.052403
4.210021 0.052153
4.220021 0.051906
4.230021 0.051663
4.240021 0.051422
4.250021 0.051185
4.260022 0.050950
4.270022 0.050718
4.280022 0.050489
4.290022 0.050263
4.300023 0.050040
4.310023 0.049819
4.320023 0.049602
4.330023 0.049386
4.340024 0.049174
4.350024 0.048964
4.360024 0.048756
4.370024 0.048551
4.380024 0.048348
4.390025 0.048148
4.400025 0.047949
4.410025 0.047754
4.420025 0.047560
4.430026 0.047368
4.440026 0.047179
4.450026 0.046992
4.460026 0.046806
4.470026 0.046623
4.480027 0.046441
4.490027 0.046262
4.500027 0.046084
4.510027 0.045908
4.520028 0.045734
4.530028 0.045561
4.540028 0.045390
4.550028 0.045221
4.560029 0.045053
4.570029 0.044887
4.580029 0.044722
4.590029 0.044558
4.600029 0.044396
4.610030 0.044235
4.620030 0.044075
4.630030 0.043917
4.640030 0.043760
4.650031 0.043603
4.660031 0.043448
4.670031 0.043294
4.680031 0.043141
4.690032 0.042989
4.700032 0.042837
4.710032 0.042687
4.720032 0.042537
4.730032 0.042388
4.740033 0.042239
4.750033 0.042092
4.760033 0.041944
4.770033 0.041798
4.780034 0.041652
4.790034 0.041506
4.800034 0.041360
4.810034 0.041215
4.820035 0.041071
4.830035 0.040926
4.840035 0.040782
4.850035 0.040638
4.860035 0.040494
4.870036 0.040350
4.880036 0.040206
4.890036 0.040062
4.900036 0.039918
4.910037 0.039773
4.920037 0.039629
4.930037 0.039484
4.940037 0.039339
4.950037 0.039194
4.960038 0.039048
4.970038 0.038902
4.980038 0.038756
4.990038 0.038609


