-5.000000 -0.839072
-4.990000 -0.849844
-4.980000 -0.860402
-4.969999 -0.870745
-4.959999 -0.880877
-4.949999 -0.890796
-4.939999 -0.900505
-4.929998 -0.910005
-4.919998 -0.919297
-4.909998 -0.928382
-4.899998 -0.937261
-4.889997 -0.945935
-4.879997 -0.954405
-4.869997 -0.962673
-4.859997 -0.970739
-4.849997 -0.978605
-4.839996 -0.986272
-4.829996 -0.993740
-4.819996 -1.001012
-4.809996 -1.008088
-4.799995 -1.014969
-4.789995 -1.021656
-4.779995 -1.028151
-4.769995 -1.034454
-4.759995 -1.040567
-4.749994 -1.046491
-4.739994 -1.052227
-4.729994 -1.057775
-4.719994 -1.063138
-4.709993 -1.068316
-4.699993 -1.073311
-4.689993 -1.078123
-4.679993 -1.082754
-4.669992 -1.087204
-4.659992 -1.091476
-4.649992 -1.095569
-4.639992 -1.099486
-4.629992 -1.103226
-4.619991 -1.106792
-4.609991 -1.110184
-4.599991 -1.113404
-4.589991 -1.116453
-4.579990 -1.119331
-4.569990 -1.122041
-4.559990 -1.124582
-4.549990 -1.126956
-4.539989 -1.129165
-4.529989 -1.131209
-4.519989 -1.133090
-4.509989 -1.134808
-4.499989 -1.136364
-4.489988 -1.137761
-4.479988 -1.138999
-4.469988 -1.140078
-4.459988 -1.141001
-4.449987 -1.141768
-4.439987 -1.142381
-4.429987 -1.142840
-4.419987 -1.143147
-4.409986 -1.143302
-4.399986 -1.143307
-4.389986 -1.143164
-4.379986 -1.142872
-4.369986 -1.142434
-4.359985 -1.141850
-4.349985 -1.141121
-4.339985 -1.140249
-4.329985 -1.139235
-4.319984 -1.138079
-4.309984 -1.136784
-4.299984 -1.135349
-4.289984 -1.133777
-4.279984 -1.132067
-4.269983 -1.130223
-4.259983 -1.128243
-4.249983 -1.126131
-4.239983 -1.123886
-4.229982 -1.121510
-4.219982 -1.119004
-4.209982 -1.116369
-4.199982 -1.113606
-4.189981 -1.110716
-4.179981 -1.107701
-4.169981 -1.104561
-4.159981 -1.101298
-4.149981 -1.097913
-4.139980 -1.094407
-4.129980 -1.090781
-4.119980 -1.087036
-4.109980 -1.083173
-4.099979 -1.079193
-4.089979 -1.075098
-4.079979 -1.070889
-4.069979 -1.066566
-4.059978 -1.062131
-4.049978 -1.057585
-4.039978 -1.052929
-4.029978 -1.048164
-4.019978 -1.043292
-4.009977 -1.038313
-3.999977 -1.033228
-3.989977 -1.028039
-3.979977 -1.022747
-3.969977 -1.017353
-3.959977 -1.011858
-3.949977 -1.006262
-3.939977 -1.000569
-3.929977 -0.994777
-3.919977 -0.988889
-3.909977 -0.982905
-3.899977 -0.976827
-3.889977 -0.970656
-3.879977 -0.964393
-3.869977 -0.958039
-3.859977 -0.951594
-3.849977 -0.945062
-3.839978 -0.938441
-3.829978 -0.931734
-3.819978 -0.924942
-3.809978 -0.918065
-3.799978 -0.911106
-3.789978 -0.904064
-3.779978 -0.896941
-3.769978 -0.889739
-3.759978 -0.882457
-3.749978 -0.875099
-3.739978 -0.867663
-3.729978 -0.860153
-3.719978 -0.852568
-3.709978 -0.844910
-3.699978 -0.837180
-3.689978 -0.829379
-3.679978 -0.821508
-3.669978 -0.813569
-3.659978 -0.805562
-3.649978 -0.797489
-3.639978 -0.789350
-3.629978 -0.781147
-3.619978 -0.772882
-3.609978 -0.764554
-3.599978 -0.756165
-3.589978 -0.747717
-3.579978 -0.739210
-3.569978 -0.730645
-3.559978 -0.722024
-3.549978 -0.713348
-3.539978 -0.704618
-3.529978 -0.695835
-3.519978 -0.686999
-3.509978 -0.678114
-3.499978 -0.669178
-3.489978 -0.660194
-3.479978 -0.651162
-3.469978 -0.642084
-3.459978 -0.632960
-3.449978 -0.623793
-3.439978 -0.614583
-3.429978 -0.605331
-3.419978 -0.596038
-3.409978 -0.586705
-3.399978 -0.577334
-3.389978 -0.567925
-3.379978 -0.558480
-3.369978 -0.549001
-3.359978 -0.539486
-3.349978 -0.529939
-3.339978 -0.520361
-3.329978 -0.510751
-3.319978 -0.501112
-3.309978 -0.491444
-3.299978 -0.481749
-3.289978 -0.472028
-3.279978 -0.462282
-3.269978 -0.452511
-3.259978 -0.442718
-3.249978 -0.432903
-3.239978 -0.423067
-3.229978 -0.413212
-3.219978 -0.403338
-3.209978 -0.393447
-3.199978 -0.383540
-3.189978 -0.373617
-3.179978 -0.363681
-3.169978 -0.353732
-3.159978 -0.343771
-3.149978 -0.333799
-3.139978 -0.323818
-3.129978 -0.313829
-3.119978 -0.303832
-3.109978 -0.293829
-3.099978 -0.283821
-3.089978 -0.273810
-3.079978 -0.263795
-3.069978 -0.253779
-3.059978 -0.243762
-3.049978 -0.233745
-3.039978 -0.223730
-3.029978 -0.213718
-3.019978 -0.203710
-3.009978 -0.193707
-2.999978 -0.183710
-2.989978 -0.173720
-2.979978 -0.163739
-2.969978 -0.153767
-2.959978 -0.143806
-2.949978 -0.133856
-2.939978 -0.123919
-2.929978 -0.113996
-2.919978 -0.104088
-2.909978 -0.094197
-2.899978 -0.084322
-2.889978 -0.074466
-2.879978 -0.064630
-2.869978 -0.054814
-2.859978 -0.045019
-2.849978 -0.035248
-2.839978 -0.025501
-2.829978 -0.015778
-2.819978 -0.006082
-2.809978 0.003586
-2.799978 0.013227
-2.789979 0.022838
-2.779979 0.032418
-2.769979 0.041966
-2.759979 0.051481
-2.749979 0.060963
-2.739979 0.070409
-2.729979 0.079819
-2.719979 0.089192
-2.709979 0.098526
-2.699979 0.107821
-2.689979 0.117075
-2.679979 0.126287
-2.669979 0.135456
-2.659979 0.144581
-2.649979 0.153661
-2.639979 0.162694
-2.629979 0.171681
-2.619979 0.180618
-2.609979 0.189506
-2.599979 0.198344
-2.589979 0.207129
-2.579979 0.215862
-2.569979 0.224540
-2.559979 0.233163
-2.549979 0.241730
-2.539979 0.250239
-2.529979 0.258690
-2.519979 0.267081
-2.509979 0.275411
-2.499979 0.283680
-2.489979 0.291885
-2.479979 0.300028
-2.469979 0.308108
-2.459979 0.316126
-2.449979 0.324082
-2.439979 0.331976
-2.429979 0.339809
-2.419979 0.347580
-2.409979 0.355290
-2.399979 0.362939
-2.389979 0.370528
-2.379979 0.378056
-2.369979 0.385524
-2.359979 0.392932
-2.349979 0.400280
-2.339979 0.407570
-2.329979 0.414799
-2.319979 0.421970
-2.309979 0.429083
-2.299979 0.436136
-2.289979 0.443132
-2.279979 0.450070
-2.269979 0.456950
-2.259979 0.463772
-2.249979 0.470537
-2.239979 0.477245
-2.229979 0.483897
-2.219979 0.490491
-2.209979 0.497030
-2.199979 0.503512
-2.189979 0.509939
-2.179979 0.516310
-2.169979 0.522626
-2.159979 0.528887
-2.149979 0.535093
-2.139979 0.541244
-2.129979 0.547341
-2.119979 0.553384
-2.109979 0.559372
-2.099979 0.565308
-2.089979 0.571190
-2.079979 0.577018
-2.069979 0.582794
-2.059979 0.588517
-2.049979 0.594188
-2.039979 0.599806
-2.029979 0.605373
-2.019979 0.610888
-2.009979 0.616351
-1.999979 0.621763
-1.989979 0.627124
-1.979979 0.632434
-1.969979 0.637694
-1.959979 0.642904
-1.949979 0.648063
-1.939979 0.653173
-1.929979 0.658233
-1.919979 0.663244
-1.909979 0.668206
-1.899979 0.673119
-1.889979 0.677983
-1.879979 0.682799
-1.869979 0.687567
-1.859979 0.692287
-1.849979 0.696959
-1.839979 0.701584
-1.829979 0.706162
-1.819979 0.710693
-1.809979 0.715177
-1.799979 0.719615
-1.789979 0.724007
-1.779979 0.728353
-1.769979 0.732653
-1.759979 0.736907
-1.749979 0.741117
-1.739980 0.745281
-1.729980 0.749401
-1.719980 0.753476
-1.709980 0.757507
-1.699980 0.761494
-1.689980 0.765437
-1.679980 0.769337
-1.669980 0.773193
-1.659980 0.777006
-1.649980 0.780776
-1.639980 0.784504
-1.629980 0.788190
-1.619980 0.791833
-1.609980 0.795435
-1.599980 0.798995
-1.589980 0.802513
-1.579980 0.805991
-1.569980 0.809427
-1.559980 0.812823
-1.549980 0.816179
-1.539980 0.819494
-1.529980 0.822770
-1.519980 0.826005
-1.509980 0.829202
-1.499980 0.832359
-1.489980 0.835477
-1.479980 0.838556
-1.469980 0.841597
-1.459980 0.844600
-1.449980 0.847564
-1.439980 0.850491
-1.429980 0.853381
-1.419980 0.856233
-1.409980 0.859048
-1.399980 0.861826
-1.389980 0.864568
-1.379980 0.867273
-1.369980 0.869943
-1.359980 0.872576
-1.349980 0.875174
-1.339980 0.877736
-1.329980 0.880264
-1.319980 0.882756
-1.309980 0.885214
-1.299980 0.887638
-1.289980 0.890027
-1.279980 0.892383
-1.269980 0.894705
-1.259980 0.896993
-1.249980 0.899248
-1.239980 0.901470
-1.229980 0.903660
-1.219980 0.905817
-1.209980 0.907942
-1.199980 0.910034
-1.189980 0.912096
-1.179980 0.914125
-1.169980 0.916124
-1.159980 0.918091
-1.149980 0.920027
-1.139980 0.921933
-1.129980 0.923809
-1.119980 0.925655
-1.109980 0.927470
-1.099980 0.929257
-1.089980 0.931013
-1.079980 0.932741
-1.069980 0.934440
-1.059980 0.936110
-1.049980 0.937752
-1.039980 0.939366
-1.029980 0.940952
-1.019980 0.942510
-1.009980 0.944041
-0.999980 0.945545
-0.989980 0.947022
-0.979980 0.948472
-0.969980 0.949895
-0.959980 0.951292
-0.949980 0.952664
-0.939980 0.954009
-0.929980 0.955330
-0.919980 0.956625
-0.909980 0.957895
-0.899980 0.959140
-0.889980 0.960360
-0.879980 0.961557
-0.869980 0.962729
-0.859980 0.963877
-0.849980 0.965002
-0.839980 0.966104
-0.829980 0.967183
-0.819980 0.968238
-0.809980 0.969271
-0.799980 0.970282
-0.789980 0.971271
-0.779980 0.972237
-0.769980 0.973182
-0.759980 0.974106
-0.749980 0.975009
-0.739980 0.975890
-0.729980 0.976751
-0.719980 0.977592
-0.709980 0.978412
-0.699980 0.979212
-0.689981 0.979993
-0.679981 0.980754
-0.669981 0.981496
-0.659981 0.982219
-0.649981 0.982923
-0.639981 0.983609
-0.629981 0.984276
-0.619981 0.984926
-0.609981 0.985557
-0.599981 0.986171
-0.589981 0.986768
-0.579981 0.987348
-0.569981 0.987910
-0.559981 0.988457
-0.549981 0.988986
-0.539981 0.989500
-0.529981 0.989998
-0.519981 0.990481
-0.509981 0.990947
-0.499981 0.991399
-0.489981 0.991836
-0.479981 0.992258
-0.469981 0.992666
-0.459981 0.993060
-0.449981 0.993440
-0.439981 0.993806
-0.429981 0.994158
-0.419981 0.994497
-0.409981 0.994824
-0.399981 0.995137
-0.389981 0.995438
-0.379981 0.995727
-0.369981 0.996004
-0.359981 0.996269
-0.349981 0.996523
-0.339981 0.996765
-0.329981 0.996996
-0.319981 0.997216
-0.309981 0.997426
-0.299981 0.997626
-0.289981 0.997815
-0.279981 0.997995
-0.269981 0.998165
-0.259981 0.998325
-0.249981 0.998477
-0.239981 0.998619
-0.229981 0.998753
-0.219981 0.998878
-0.209981 0.998996
-0.199981 0.999105
-0.189981 0.999207
-0.179981 0.999301
-0.169981 0.999388
-0.159981 0.999468
-0.149981 0.999542
-0.139981 0.999609
-0.129981 0.999669
-0.119981 0.999724
-0.109981 0.999773
-0.099981 0.999816
-0.089981 0.999855
-0.079981 0.999888
-0.069981 0.999916
-0.059981 0.999940
-0.049981 0.999959
-0.039981 0.999974
-0.029981 0.999986
-0.019981 0.999994
-0.009981 0.999999
0.000019 1.000000
0.010019 0.999998
0.020019 0.999994
0.030019 0.999986
0.040019 0.999974
0.050019 0.999959
0.060019 0.999940
0.070019 0.999916
0.080019 0.999888
0.090019 0.999854
0.100019 0.999816
0.110019 0.999773
0.120019 0.999724
0.130019 0.999669
0.140019 0.999609
0.150019 0.999542
0.160019 0.999468
0.170019 0.999388
0.180019 0.999301
0.190019 0.999207
0.200019 0.999105
0.210019 0.998995
0.220019 0.998878
0.230019 0.998752
0.240019 0.998618
0.250019 0.998476
0.260019 0.998324
0.270019 0.998164
0.280019 0.997994
0.290019 0.997814
0.300019 0.997625
0.310019 0.997425
0.320019 0.997216
0.330019 0.996995
0.340019 0.996764
0.350019 0.996522
0.360019 0.996268
0.370019 0.996003
0.380019 0.995726
0.390019 0.995437
0.400019 0.995136
0.410019 0.994823
0.420019 0.994496
0.430019 0.994157
0.440019 0.993804
0.450019 0.993438
0.460019 0.993058
0.470019 0.992665
0.480019 0.992257
0.490019 0.991835
0.500019 0.991398
0.510019 0.990946
0.520019 0.990479
0.530019 0.989996
0.540019 0.989498
0.550019 0.988985
0.560019 0.988455
0.570019 0.987908
0.580019 0.987345
0.590019 0.986766
0.600019 0.986169
0.610019 0.985555
0.620019 0.984923
0.630019 0.984274
0.640019 0.983606
0.650019 0.982921
0.660019 0.982216
0.670019 0.981493
0.680019 0.980751
0.690019 0.979990
0.700019 0.979209
0.710019 0.978409
0.720019 0.977589
0.730019 0.976748
0.740019 0.975887
0.750019 0.975005
0.760019 0.974103
0.770019 0.973179
0.780019 0.972234
0.790019 0.971267
0.800019 0.970278
0.810019 0.969267
0.820019 0.968234
0.830019 0.967178
0.840019 0.966100
0.850019 0.964998
0.860019 0.963873
0.870019 0.962725
0.880019 0.961552
0.890019 0.960356
0.900019 0.959135
0.910019 0.957890
0.920019 0.956620
0.930019 0.955325
0.940019 0.954004
0.950019 0.952659
0.960019 0.951287
0.970019 0.949890
0.980018 0.948466
0.990018 0.947016
1.000018 0.945539
1.010018 0.944035
1.020018 0.942504
1.030018 0.940946
1.040018 0.939360
1.050018 0.937746
1.060018 0.936104
1.070018 0.934434
1.080018 0.932735
1.090018 0.931007
1.100018 0.929250
1.110018 0.927463
1.120018 0.925648
1.130018 0.923802
1.140018 0.921926
1.150018 0.920020
1.160018 0.918083
1.170018 0.916116
1.180018 0.914117
1.190018 0.912088
1.200018 0.910027
1.210018 0.907934
1.220018 0.905809
1.230018 0.903651
1.240018 0.901462
1.250018 0.899239
1.260018 0.896984
1.270018 0.894696
1.280018 0.892374
1.290018 0.890018
1.300018 0.887629
1.310018 0.885205
1.320018 0.882747
1.330018 0.880254
1.340018 0.877727
1.350018 0.875164
1.360018 0.872566
1.370018 0.869932
1.380018 0.867263
1.390018 0.864557
1.400018 0.861816
1.410018 0.859037
1.420018 0.856222
1.430018 0.853370
1.440018 0.850480
1.450018 0.847553
1.460018 0.844588
1.470018 0.841585
1.480018 0.838544
1.490018 0.835465
1.500018 0.832347
1.510018 0.829189
1.520018 0.825993
1.530018 0.822757
1.540018 0.819481
1.550018 0.816166
1.560018 0.812810
1.570018 0.809414
1.580018 0.805978
1.590018 0.802500
1.600018 0.798981
1.610018 0.795421
1.620018 0.791819
1.630018 0.788176
1.640018 0.784490
1.650018 0.780762
1.660018 0.776991
1.670018 0.773178
1.680018 0.769322
1.690018 0.765422
1.700018 0.761479
1.710018 0.757492
1.720018 0.753461
1.730018 0.749385
1.740018 0.745265
1.750018 0.741101
1.760018 0.736891
1.770018 0.732636
1.780018 0.728336
1.790018 0.723990
1.800018 0.719598
1.810018 0.715160
1.820018 0.710676
1.830018 0.706145
1.840018 0.701567
1.850018 0.696941
1.860018 0.692269
1.870018 0.687549
1.880018 0.682781
1.890018 0.677964
1.900018 0.673100
1.910018 0.668187
1.920018 0.663225
1.930018 0.658214
1.940018 0.653153
1.950018 0.648043
1.960018 0.642884
1.970018 0.637674
1.980018 0.632414
1.990018 0.627104
2.000018 0.621742
2.010018 0.616330
2.020018 0.610866
2.030018 0.605351
2.040018 0.599785
2.050018 0.594166
2.060018 0.588495
2.070018 0.582772
2.080018 0.576996
2.090018 0.571167
2.100018 0.565285
2.110018 0.559350
2.120018 0.553360
2.130018 0.547318
2.140018 0.541220
2.150017 0.535069
2.160017 0.528863
2.170017 0.522602
2.180017 0.516286
2.190017 0.509915
2.200017 0.503488
2.210017 0.497005
2.220017 0.490466
2.230017 0.483871
2.240017 0.477220
2.250017 0.470511
2.260017 0.463746
2.270017 0.456923
2.280017 0.450043
2.290017 0.443105
2.300017 0.436109
2.310017 0.429055
2.320017 0.421943
2.330017 0.414772
2.340017 0.407542
2.350017 0.400252
2.360017 0.392904
2.370017 0.385495
2.380017 0.378027
2.390017 0.370499
2.400017 0.362910
2.410017 0.355260
2.420017 0.347550
2.430017 0.339779
2.440017 0.331946
2.450017 0.324052
2.460017 0.316096
2.470017 0.308077
2.480017 0.299997
2.490017 0.291854
2.500017 0.283648
2.510017 0.275379
2.520017 0.267049
2.530017 0.258658
2.540017 0.250207
2.550017 0.241697
2.560017 0.233130
2.570017 0.224507
2.580017 0.215828
2.590017 0.207095
2.600017 0.198310
2.610017 0.189472
2.620017 0.180584
2.630017 0.171646
2.640017 0.162660
2.650017 0.153626
2.660017 0.144546
2.670017 0.135421
2.680017 0.126251
2.690017 0.117039
2.700017 0.107785
2.710017 0.098490
2.720017 0.089156
2.730017 0.079783
2.740017 0.070373
2.750017 0.060926
2.760017 0.051445
2.770017 0.041929
2.780017 0.032381
2.790017 0.022801
2.800017 0.013190
2.810017 0.003549
2.820017 -0.006120
2.830017 -0.015816
2.840017 -0.025538
2.850017 -0.035286
2.860017 -0.045057
2.870017 -0.054851
2.880017 -0.064667
2.890017 -0.074504
2.900017 -0.084360
2.910017 -0.094235
2.920017 -0.104126
2.930017 -0.114034
2.940017 -0.123957
2.950017 -0.133894
2.960017 -0.143844
2.970017 -0.153805
2.980017 -0.163777
2.990017 -0.173759
3.000017 -0.183749
3.010017 -0.193746
3.020017 -0.203749
3.030017 -0.213757
3.040017 -0.223769
3.050017 -0.233784
3.060017 -0.243800
3.070017 -0.253817
3.080017 -0.263833
3.090017 -0.273848
3.100017 -0.283860
3.110017 -0.293868
3.120017 -0.303871
3.130017 -0.313867
3.140017 -0.323857
3.150017 -0.333838
3.160017 -0.343809
3.170017 -0.353770
3.180017 -0.363719
3.190017 -0.373655
3.200016 -0.383578
3.210016 -0.393485
3.220016 -0.403376
3.230016 -0.413250
3.240016 -0.423105
3.250016 -0.432940
3.260016 -0.442755
3.270016 -0.452549
3.280016 -0.462319
3.290016 -0.472065
3.300016 -0.481786
3.310016 -0.491481
3.320016 -0.501149
3.330016 -0.510788
3.340016 -0.520397
3.350016 -0.529976
3.360016 -0.539523
3.370016 -0.549037
3.380016 -0.558517
3.390016 -0.567961
3.400016 -0.577370
3.410016 -0.586741
3.420016 -0.596073
3.430016 -0.605366
3.440016 -0.614618
3.450016 -0.623828
3.460016 -0.632996
3.470016 -0.642119
3.480016 -0.651197
3.490016 -0.660228
3.500016 -0.669212
3.510016 -0.678148
3.520016 -0.687034
3.530016 -0.695869
3.540016 -0.704652
3.550016 -0.713382
3.560016 -0.722058
3.570016 -0.730678
3.580016 -0.739242
3.590016 -0.747749
3.600016 -0.756197
3.610016 -0.764586
3.620016 -0.772913
3.630016 -0.781179
3.640016 -0.789382
3.650016 -0.797520
3.660016 -0.805593
3.670016 -0.813600
3.680016 -0.821538
3.690016 -0.829409
3.700016 -0.837210
3.710016 -0.844939
3.720016 -0.852597
3.730016 -0.860182
3.740016 -0.867692
3.750016 -0.875127
3.760016 -0.882485
3.770016 -0.889766
3.780016 -0.896969
3.790016 -0.904091
3.800016 -0.911133
3.810016 -0.918092
3.820016 -0.924968
3.830016 -0.931760
3.840016 -0.938467
3.850016 -0.945087
3.860016 -0.951619
3.870016 -0.958063
3.880016 -0.964417
3.890016 -0.970680
3.900016 -0.976851
3.910016 -0.982928
3.920016 -0.988911
3.930016 -0.994799
3.940016 -1.000590
3.950016 -1.006284
3.960016 -1.011879
3.970016 -1.017374
3.980016 -1.022768
3.990016 -1.028059
4.000016 -1.033248
4.010016 -1.038332
4.020016 -1.043311
4.030016 -1.048183
4.040017 -1.052947
4.050017 -1.057603
4.060017 -1.062148
4.070017 -1.066583
4.080018 -1.070905
4.090018 -1.075114
4.100018 -1.079209
4.110018 -1.083188
4.120018 -1.087050
4.130019 -1.090795
4.140019 -1.094421
4.150019 -1.097927
4.160019 -1.101311
4.170020 -1.104574
4.180020 -1.107713
4.190020 -1.110728
4.200020 -1.113617
4.210021 -1.116379
4.220021 -1.119014
4.230021 -1.121519
4.240021 -1.123895
4.250021 -1.126139
4.260022 -1.128251
4.270022 -1.130230
4.280022 -1.132074
4.290022 -1.133783
4.300023 -1.135355
4.310023 -1.136789
4.320023 -1.138084
4.330023 -1.139239
4.340024 -1.140253
4.350024 -1.141124
4.360024 -1.141852
4.370024 -1.142436
4.380024 -1.142874
4.390025 -1.143165
4.400025 -1.143308
4.410025 -1.143302
4.420025 -1.143146
4.430026 -1.142839
4.440026 -1.142379
4.450026 -1.141766
4.460026 -1.140998
4.470026 -1.140074
4.480027 -1.138994
4.490027 -1.137756
4.500027 -1.136359
4.510027 -1.134801
4.520028 -1.133083
4.530028 -1.131202
4.540028 -1.129157
4.550028 -1.126948
4.560029 -1.124572
4.570029 -1.122030
4.580029 -1.119321
4.590029 -1.116441
4.600029 -1.113392
4.610030 -1.110172
4.620030 -1.106779
4.630030 -1.103212
4.640030 -1.099471
4.650031 -1.095554
4.660031 -1.091460
4.670031 -1.087188
4.680031 -1.082737
4.690032 -1.078105
4.700032 -1.073292
4.710032 -1.068297
4.720032 -1.063118
4.730032 -1.057754
4.740033 -1.052205
4.750033 -1.046468
4.760033 -1.040544
4.770033 -1.034430
4.780034 -1.028126
4.790034 -1.021631
4.800034 -1.014942
4.810034 -1.008061
4.820035 -1.000984
4.830035 -0.993712
4.840035 -0.986243
4.850035 -0.978575
4.860035 -0.970708
4.870036 -0.962641
4.880036 -0.954373
4.890036 -0.945901
4.900036 -0.937227
4.910037 -0.928347
4.920037 -0.919262
4.930037 -0.909969
4.940037 -0.900468
4.950037 -0.890758
4.960038 -0.880838
4.970038 -0.870706
4.980038 -0.860361
4.990038 -0.849803


-5.000000 -0.839071
-4.990000 -0.849626
-4.980000 -0.859534
-4.969999 -0.868803
-4.959999 -0.877441
-4.949999 -0.885454
-4.939999 -0.892852
-4.929998 -0.899640
-4.919998 -0.905826
-4.909998 -0.911418
-4.899998 -0.916424
-4.889997 -0.920850
-4.879997 -0.924704
-4.869997 -0.927995
-4.859997 -0.930728
-4.849997 -0.932912
-4.839996 -0.934554
-4.829996 -0.935662
-4.819996 -0.936242
-4.809996 -0.936303
-4.799995 -0.935852
-4.789995 -0.934897
-4.779995 -0.933444
-4.769995 -0.931501
-4.759995 -0.929077
-4.749994 -0.926177
-4.739994 -0.922810
-4.729994 -0.918984
-4.719994 -0.914705
-4.709993 -0.909981
-4.699993 -0.904819
-4.689993 -0.899228
-4.679993 -0.893214
-4.669992 -0.886785
-4.659992 -0.879948
-4.649992 -0.872711
-4.639992 -0.865082
-4.629992 -0.857067
-4.619991 -0.848675
-4.609991 -0.839912
-4.599991 -0.830786
-4.589991 -0.821306
-4.579990 -0.811477
-4.569990 -0.801307
-4.559990 -0.790805
-4.549990 -0.779977
-4.539989 -0.768831
-4.529989 -0.757375
-4.519989 -0.745615
-4.509989 -0.733560
-4.499989 -0.721216
-4.489988 -0.708592
-4.479988 -0.695695
-4.469988 -0.682531
-4.459988 -0.669110
-4.449987 -0.655437
-4.439987 -0.641521
-4.429987 -0.627369
-4.419987 -0.612988
-4.409986 -0.598387
-4.399986 -0.583572
-4.389986 -0.568550
-4.379986 -0.553330
-4.369986 -0.537919
-4.359985 -0.522324
-4.349985 -0.506553
-4.339985 -0.490613
-4.329985 -0.474512
-4.319984 -0.458256
-4.309984 -0.441855
-4.299984 -0.425314
-4.289984 -0.408642
-4.279984 -0.391846
-4.269983 -0.374933
-4.259983 -0.357911
-4.249983 -0.340787
-4.239983 -0.323569
-4.229982 -0.306265
-4.219982 -0.288881
-4.209982 -0.271426
-4.199982 -0.253906
-4.189981 -0.236329
-4.179981 -0.218703
-4.169981 -0.201035
-4.159981 -0.183332
-4.149981 -0.165602
-4.139980 -0.147853
-4.129980 -0.130092
-4.119980 -0.112326
-4.109980 -0.094563
-4.099979 -0.076809
-4.089979 -0.059075
-4.079979 -0.041364
-4.069979 -0.023687
-4.059978 -0.006050
-4.049978 0.011540
-4.039978 0.029074
-4.029978 0.046546
-4.019978 0.063948
-4.009977 0.081273
-3.999977 0.098512
-3.989977 0.115659
-3.979977 0.132706
-3.969977 0.149646
-3.959977 0.166471
-3.949977 0.183174
-3.939977 0.199747
-3.929977 0.216183
-3.919977 0.232475
-3.909977 0.248614
-3.899977 0.264594
-3.889977 0.280407
-3.879977 0.296046
-3.869977 0.311502
-3.859977 0.326770
-3.849977 0.341840
-3.839978 0.356706
-3.829978 0.371361
-3.819978 0.385796
-3.809978 0.400005
-3.799978 0.413979
-3.789978 0.427712
-3.779978 0.441195
-3.769978 0.454423
-3.759978 0.467386
-3.749978 0.480078
-3.739978 0.492491
-3.729978 0.504617
-3.719978 0.516450
-3.709978 0.527981
-3.699978 0.539204
-3.689978 0.550111
-3.679978 0.560693
-3.669978 0.570945
-3.659978 0.580858
-3.649978 0.590425
-3.639978 0.599639
-3.629978 0.608491
-3.619978 0.616975
-3.609978 0.625084
-3.599978 0.632808
-3.589978 0.640142
-3.579978 0.647078
-3.569978 0.653608
-3.559978 0.659728
-3.549978 0.665441
-3.539978 0.670751
-3.529978 0.675664
-3.519978 0.680184
-3.509978 0.684315
-3.499978 0.688062
-3.489978 0.691430
-3.479978 0.694423
-3.469978 0.697046
-3.459978 0.699303
-3.449978 0.701199
-3.439978 0.702739
-3.429978 0.703926
-3.419978 0.704767
-3.409978 0.705265
-3.399978 0.705424
-3.389978 0.705250
-3.379978 0.704747
-3.369978 0.703920
-3.359978 0.702773
-3.349978 0.701310
-3.339978 0.699537
-3.329978 0.697458
-3.319978 0.695077
-3.309978 0.692400
-3.299978 0.689430
-3.289978 0.686173
-3.279978 0.682632
-3.269978 0.678813
-3.259978 0.674720
-3.249978 0.670357
-3.239978 0.665729
-3.229978 0.660842
-3.219978 0.655698
-3.209978 0.650304
-3.199978 0.644663
-3.189978 0.638780
-3.179978 0.632660
-3.169978 0.626308
-3.159978 0.619727
-3.149978 0.612922
-3.139978 0.605898
-3.129978 0.598661
-3.119978 0.591213
-3.109978 0.583560
-3.099978 0.575706
-3.089978 0.567656
-3.079978 0.559415
-3.069978 0.550987
-3.059978 0.542377
-3.049978 0.533588
-3.039978 0.524627
-3.029978 0.515497
-3.019978 0.506203
-3.009978 0.496750
-2.999978 0.487141
-2.989978 0.477383
-2.979978 0.467479
-2.969978 0.457434
-2.959978 0.447252
-2.949978 0.436938
-2.939978 0.426498
-2.929978 0.415934
-2.919978 0.405252
-2.909978 0.394457
-2.899978 0.383552
-2.889978 0.372543
-2.879978 0.361435
-2.869978 0.350231
-2.859978 0.338936
-2.849978 0.327555
-2.839978 0.316093
-2.829978 0.304554
-2.819978 0.292943
-2.809978 0.281263
-2.799978 0.269521
-2.789979 0.257720
-2.779979 0.245865
-2.769979 0.233961
-2.759979 0.222011
-2.749979 0.210022
-2.739979 0.197997
-2.729979 0.185940
-2.719979 0.173858
-2.709979 0.161753
-2.699979 0.149631
-2.689979 0.137496
-2.679979 0.125353
-2.669979 0.113206
-2.659979 0.101061
-2.649979 0.088920
-2.639979 0.076790
-2.629979 0.064675
-2.619979 0.052579
-2.609979 0.040507
-2.599979 0.028464
-2.589979 0.016454
-2.579979 0.004481
-2.569979 -0.007450
-2.559979 -0.019334
-2.549979 -0.031166
-2.539979 -0.042942
-2.529979 -0.054658
-2.519979 -0.066309
-2.509979 -0.077890
-2.499979 -0.089396
-2.489979 -0.100824
-2.479979 -0.112168
-2.469979 -0.123424
-2.459979 -0.134588
-2.449979 -0.145654
-2.439979 -0.156619
-2.429979 -0.167477
-2.419979 -0.178224
-2.409979 -0.188856
-2.399979 -0.199367
-2.389979 -0.209754
-2.379979 -0.220011
-2.369979 -0.230135
-2.359979 -0.240120
-2.349979 -0.249962
-2.339979 -0.259657
-2.329979 -0.269199
-2.319979 -0.278584
-2.309979 -0.287808
-2.299979 -0.296866
-2.289979 -0.305754
-2.279979 -0.314466
-2.269979 -0.322999
-2.259979 -0.331347
-2.249979 -0.339507
-2.239979 -0.347473
-2.229979 -0.355241
-2.219979 -0.362806
-2.209979 -0.370164
-2.199979 -0.377311
-2.189979 -0.384241
-2.179979 -0.390950
-2.169979 -0.397433
-2.159979 -0.403686
-2.149979 -0.409705
-2.139979 -0.415485
-2.129979 -0.421023
-2.119979 -0.426321
-2.109979 -0.431382
-2.099979 -0.436207
-2.089979 -0.440800
-2.079979 -0.445163
-2.069979 -0.449297
-2.059979 -0.453205
-2.049979 -0.456889
-2.039979 -0.460352
-2.029979 -0.463595
-2.019979 -0.466622
-2.009979 -0.469434
-1.999979 -0.472033
-1.989979 -0.474422
-1.979979 -0.476604
-1.969979 -0.478579
-1.959979 -0.480352
-1.949979 -0.481923
-1.939979 -0.483295
-1.929979 -0.484471
-1.919979 -0.485453
-1.909979 -0.486242
-1.899979 -0.486841
-1.889979 -0.487254
-1.879979 -0.487480
-1.869979 -0.487524
-1.859979 -0.487387
-1.849979 -0.487072
-1.839979 -0.486581
-1.829979 -0.485915
-1.819979 -0.485078
-1.809979 -0.484072
-1.799979 -0.482898
-1.789979 -0.481560
-1.779979 -0.480059
-1.769979 -0.478398
-1.759979 -0.476578
-1.749979 -0.474603
-1.739980 -0.472475
-1.729980 -0.470195
-1.719980 -0.467766
-1.709980 -0.465190
-1.699980 -0.462470
-1.689980 -0.459608
-1.679980 -0.456605
-1.669980 -0.453466
-1.659980 -0.450190
-1.649980 -0.446782
-1.639980 -0.443243
-1.629980 -0.439575
-1.619980 -0.435781
-1.609980 -0.431862
-1.599980 -0.427822
-1.589980 -0.423663
-1.579980 -0.419386
-1.569980 -0.414994
-1.559980 -0.410490
-1.549980 -0.405875
-1.539980 -0.401151
-1.529980 -0.396322
-1.519980 -0.391389
-1.509980 -0.386355
-1.499980 -0.381222
-1.489980 -0.375992
-1.479980 -0.370667
-1.469980 -0.365250
-1.459980 -0.359742
-1.449980 -0.354147
-1.439980 -0.348467
-1.429980 -0.342703
-1.419980 -0.336858
-1.409980 -0.330934
-1.399980 -0.324934
-1.389980 -0.318860
-1.379980 -0.312714
-1.369980 -0.306498
-1.359980 -0.300215
-1.349980 -0.293866
-1.339980 -0.287455
-1.329980 -0.280983
-1.319980 -0.274453
-1.309980 -0.267866
-1.299980 -0.261226
-1.289980 -0.254534
-1.279980 -0.247793
-1.269980 -0.241005
-1.259980 -0.234173
-1.249980 -0.227297
-1.239980 -0.220382
-1.229980 -0.213428
-1.219980 -0.206439
-1.209980 -0.199417
-1.199980 -0.192363
-1.189980 -0.185281
-1.179980 -0.178172
-1.169980 -0.171038
-1.159980 -0.163882
-1.149980 -0.156707
-1.139980 -0.149514
-1.129980 -0.142306
-1.119980 -0.135084
-1.109980 -0.127852
-1.099980 -0.120612
-1.089980 -0.113365
-1.079980 -0.106114
-1.069980 -0.098862
-1.059980 -0.091610
-1.049980 -0.084361
-1.039980 -0.077117
-1.029980 -0.069881
-1.019980 -0.062654
-1.009980 -0.055439
-0.999980 -0.048238
-0.989980 -0.041054
-0.979980 -0.033888
-0.969980 -0.026743
-0.959980 -0.019622
-0.949980 -0.012526
-0.939980 -0.005458
-0.929980 0.001580
-0.919980 0.008586
-0.909980 0.015558
-0.899980 0.022492
-0.889980 0.029387
-0.879980 0.036241
-0.869980 0.043052
-0.859980 0.049816
-0.849980 0.056533
-0.839980 0.063198
-0.829980 0.069811
-0.819980 0.076370
-0.809980 0.082871
-0.799980 0.089312
-0.789980 0.095692
-0.779980 0.102008
-0.769980 0.108257
-0.759980 0.114438
-0.749980 0.120548
-0.739980 0.126585
-0.729980 0.132546
-0.719980 0.138430
-0.709980 0.144234
-0.699980 0.149957
-0.689981 0.155599
-0.679981 0.161160
-0.669981 0.166639
-0.659981 0.172038
-0.649981 0.177355
-0.639981 0.182591
-0.629981 0.187745
-0.619981 0.192819
-0.609981 0.197811
-0.599981 0.202723
-0.589981 0.207553
-0.579981 0.212301
-0.569981 0.216969
-0.559981 0.221556
-0.549981 0.226061
-0.539981 0.230485
-0.529981 0.234828
-0.519981 0.239090
-0.509981 0.243270
-0.499981 0.247370
-0.489981 0.251388
-0.479981 0.255325
-0.469981 0.259181
-0.459981 0.262955
-0.449981 0.266649
-0.439981 0.270261
-0.429981 0.273792
-0.419981 0.277242
-0.409981 0.280611
-0.399981 0.283899
-0.389981 0.287105
-0.379981 0.290231
-0.369981 0.293275
-0.359981 0.296237
-0.349981 0.299119
-0.339981 0.301920
-0.329981 0.304639
-0.319981 0.307277
-0.309981 0.309834
-0.299981 0.312310
-0.289981 0.314705
-0.279981 0.317018
-0.269981 0.319250
-0.259981 0.321402
-0.249981 0.323471
-0.239981 0.325460
-0.229981 0.327368
-0.219981 0.329194
-0.209981 0.330939
-0.199981 0.332603
-0.189981 0.334186
-0.179981 0.335688
-0.169981 0.337108
-0.159981 0.338448
-0.149981 0.339706
-0.139981 0.340883
-0.129981 0.341979
-0.119981 0.342993
-0.109981 0.343927
-0.099981 0.344779
-0.089981 0.345550
-0.079981 0.346240
-0.069981 0.346848
-0.059981 0.347376
-0.049981 0.347822
-0.039981 0.348187
-0.029981 0.348471
-0.019981 0.348674
-0.009981 0.348796
0.000019 0.348836
0.010019 0.348795
0.020019 0.348674
0.030019 0.348470
0.040019 0.348186
0.050019 0.347821
0.060019 0.347374
0.070019 0.346846
0.080019 0.346237
0.090019 0.345547
0.100019 0.344776
0.110019 0.343923
0.120019 0.342989
0.130019 0.341974
0.140019 0.340878
0.150019 0.339701
0.160019 0.338443
0.170019 0.337103
0.180019 0.335682
0.190019 0.334180
0.200019 0.332597
0.210019 0.330933
0.220019 0.329187
0.230019 0.327361
0.240019 0.325453
0.250019 0.323464
0.260019 0.321393
0.270019 0.319242
0.280019 0.317009
0.290019 0.314696
0.300019 0.312301
0.310019 0.309825
0.320019 0.307267
0.330019 0.304629
0.340019 0.301909
0.350019 0.299108
0.360019 0.296226
0.370019 0.293263
0.380019 0.290219
0.390019 0.287093
0.400019 0.283886
0.410019 0.280598
0.420019 0.277229
0.430019 0.273779
0.440019 0.270248
0.450019 0.266635
0.460019 0.262941
0.470019 0.259166
0.480019 0.255310
0.490019 0.251373
0.500019 0.247354
0.510019 0.243254
0.520019 0.239073
0.530019 0.234811
0.540019 0.230468
0.550019 0.226044
0.560019 0.221538
0.570019 0.216951
0.580019 0.212283
0.590019 0.207534
0.600019 0.202704
0.610019 0.197792
0.620019 0.192800
0.630019 0.187726
0.640019 0.182571
0.650019 0.177335
0.660019 0.172017
0.670019 0.166619
0.680019 0.161139
0.690019 0.155578
0.700019 0.149936
0.710019 0.144212
0.720019 0.138408
0.730019 0.132524
0.740019 0.126562
0.750019 0.120525
0.760019 0.114415
0.770019 0.108233
0.780019 0.101984
0.790019 0.095668
0.800019 0.089288
0.810019 0.082846
0.820019 0.076345
0.830019 0.069786
0.840019 0.063173
0.850019 0.056507
0.860019 0.049791
0.870019 0.043026
0.880019 0.036215
0.890019 0.029361
0.900019 0.022466
0.910019 0.015531
0.920019 0.008560
0.930019 0.001554
0.940019 -0.005485
0.950019 -0.012553
0.960019 -0.019649
0.970019 -0.026770
0.980018 -0.033915
0.990018 -0.041081
1.000018 -0.048265
1.010018 -0.055466
1.020018 -0.062681
1.030018 -0.069908
1.040018 -0.077145
1.050018 -0.084389
1.060018 -0.091638
1.070018 -0.098889
1.080018 -0.106142
1.090018 -0.113393
1.100018 -0.120639
1.110018 -0.127880
1.120018 -0.135112
1.130018 -0.142333
1.140018 -0.149541
1.150018 -0.156734
1.160018 -0.163909
1.170018 -0.171065
1.180018 -0.178198
1.190018 -0.185307
1.200018 -0.192390
1.210018 -0.199443
1.220018 -0.206466
1.230018 -0.213455
1.240018 -0.220408
1.250018 -0.227323
1.260018 -0.234198
1.270018 -0.241031
1.280018 -0.247819
1.290018 -0.254560
1.300018 -0.261251
1.310018 -0.267891
1.320018 -0.274477
1.330018 -0.281007
1.340018 -0.287479
1.350018 -0.293890
1.360018 -0.300238
1.370018 -0.306521
1.380018 -0.312737
1.390018 -0.318883
1.400018 -0.324957
1.410018 -0.330957
1.420018 -0.336880
1.430018 -0.342725
1.440018 -0.348488
1.450018 -0.354168
1.460018 -0.359763
1.470018 -0.365270
1.480018 -0.370687
1.490018 -0.376011
1.500018 -0.381241
1.510018 -0.386374
1.520018 -0.391408
1.530018 -0.396340
1.540018 -0.401169
1.550018 -0.405892
1.560018 -0.410506
1.570018 -0.415010
1.580018 -0.419402
1.590018 -0.423678
1.600018 -0.427837
1.610018 -0.431877
1.620018 -0.435795
1.630018 -0.439588
1.640018 -0.443256
1.650018 -0.446795
1.660018 -0.450202
1.670018 -0.453477
1.680018 -0.456616
1.690018 -0.459618
1.700018 -0.462480
1.710018 -0.465199
1.720018 -0.467774
1.730018 -0.470203
1.740018 -0.472482
1.750018 -0.474610
1.760018 -0.476585
1.770018 -0.478404
1.780018 -0.480064
1.790018 -0.481565
1.800018 -0.482902
1.810018 -0.484075
1.820018 -0.485081
1.830018 -0.485917
1.840018 -0.486582
1.850018 -0.487073
1.860018 -0.487388
1.870018 -0.487524
1.880018 -0.487479
1.890018 -0.487252
1.900018 -0.486839
1.910018 -0.486238
1.920018 -0.485448
1.930018 -0.484466
1.940018 -0.483290
1.950018 -0.481916
1.960018 -0.480344
1.970018 -0.478571
1.980018 -0.476595
1.990018 -0.474413
2.000018 -0.472023
2.010018 -0.469423
2.020018 -0.466610
2.030018 -0.463583
2.040018 -0.460338
2.050018 -0.456875
2.060018 -0.453189
2.070018 -0.449280
2.080018 -0.445146
2.090018 -0.440782
2.100018 -0.436188
2.110018 -0.431362
2.120018 -0.426300
2.130018 -0.421001
2.140018 -0.415462
2.150017 -0.409682
2.160017 -0.403662
2.170017 -0.397408
2.180017 -0.390924
2.190017 -0.384214
2.200017 -0.377283
2.210017 -0.370136
2.220017 -0.362777
2.230017 -0.355211
2.240017 -0.347442
2.250017 -0.339475
2.260017 -0.331315
2.270017 -0.322966
2.280017 -0.314433
2.290017 -0.305720
2.300017 -0.296831
2.310017 -0.287773
2.320017 -0.278548
2.330017 -0.269162
2.340017 -0.259619
2.350017 -0.249924
2.360017 -0.240082
2.370017 -0.230096
2.380017 -0.219972
2.390017 -0.209714
2.400017 -0.199327
2.410017 -0.188815
2.420017 -0.178183
2.430017 -0.167435
2.440017 -0.156577
2.450017 -0.145612
2.460017 -0.134545
2.470017 -0.123381
2.480017 -0.112124
2.490017 -0.100780
2.500017 -0.089352
2.510017 -0.077845
2.520017 -0.066264
2.530017 -0.054613
2.540017 -0.042897
2.550017 -0.031120
2.560017 -0.019288
2.570017 -0.007404
2.580017 0.004527
2.590017 0.016500
2.600017 0.028511
2.610017 0.040554
2.620017 0.052626
2.630017 0.064722
2.640017 0.076838
2.650017 0.088968
2.660017 0.101108
2.670017 0.113253
2.680017 0.125400
2.690017 0.137543
2.700017 0.149678
2.710017 0.161800
2.720017 0.173905
2.730017 0.185987
2.740017 0.198043
2.750017 0.210068
2.760017 0.222058
2.770017 0.234007
2.780017 0.245911
2.790017 0.257766
2.800017 0.269567
2.810017 0.281309
2.820017 0.292988
2.830017 0.304599
2.840017 0.316138
2.850017 0.327600
2.860017 0.338980
2.870017 0.350274
2.880017 0.361478
2.890017 0.372586
2.900017 0.383595
2.910017 0.394499
2.920017 0.405294
2.930017 0.415975
2.940017 0.426538
2.950017 0.436979
2.960017 0.447292
2.970017 0.457473
2.980017 0.467518
2.990017 0.477421
3.000017 0.487179
3.010017 0.496787
3.020017 0.506240
3.030017 0.515533
3.040017 0.524662
3.050017 0.533623
3.060017 0.542411
3.070017 0.551020
3.080017 0.559448
3.090017 0.567688
3.100017 0.575737
3.110017 0.583590
3.120017 0.591242
3.130017 0.598689
3.140017 0.605927
3.150017 0.612949
3.160017 0.619753
3.170017 0.626333
3.180017 0.632685
3.190017 0.638804
3.200016 0.644686
3.210016 0.650326
3.220016 0.655719
3.230016 0.660862
3.240016 0.665748
3.250016 0.670375
3.260016 0.674736
3.270016 0.678829
3.280016 0.682647
3.290016 0.686186
3.300016 0.689443
3.310016 0.692412
3.320016 0.695088
3.330016 0.697467
3.340016 0.699545
3.350016 0.701317
3.360016 0.702778
3.370016 0.703924
3.380016 0.704750
3.390016 0.705252
3.400016 0.705425
3.410016 0.705264
3.420016 0.704765
3.430016 0.703923
3.440016 0.702734
3.450016 0.701193
3.460016 0.699296
3.470016 0.697037
3.480016 0.694413
3.490016 0.691419
3.500016 0.688049
3.510016 0.684301
3.520016 0.680168
3.530016 0.675647
3.540016 0.670733
3.550016 0.665421
3.560016 0.659706
3.570016 0.653585
3.580016 0.647052
3.590016 0.640115
3.600016 0.632780
3.610016 0.625053
3.620016 0.616944
3.630016 0.608458
3.640016 0.599604
3.650016 0.590389
3.660016 0.580821
3.670016 0.570906
3.680016 0.560654
3.690016 0.550069
3.700016 0.539162
3.710016 0.527938
3.720016 0.516405
3.730016 0.504571
3.740016 0.492444
3.750016 0.480030
3.760016 0.467337
3.770016 0.454372
3.780016 0.441144
3.790016 0.427660
3.800016 0.413926
3.810016 0.399950
3.820016 0.385741
3.830016 0.371305
3.840016 0.356650
3.850016 0.341783
3.860016 0.326711
3.870016 0.311444
3.880016 0.295986
3.890016 0.280347
3.900016 0.264533
3.910016 0.248553
3.920016 0.232413
3.930016 0.216121
3.940016 0.199684
3.950016 0.183110
3.960016 0.166407
3.970016 0.149581
3.980016 0.132641
3.990016 0.115593
4.000016 0.098446
4.010016 0.081206
4.020016 0.063881
4.030016 0.046479
4.040017 0.029007
4.050017 0.011472
4.060017 -0.006118
4.070017 -0.023755
4.080018 -0.041433
4.090018 -0.059143
4.100018 -0.076878
4.110018 -0.094631
4.120018 -0.112394
4.130019 -0.130160
4.140019 -0.147922
4.150019 -0.165671
4.160019 -0.183400
4.170020 -0.201103
4.180020 -0.218771
4.190020 -0.236397
4.200020 -0.253974
4.210021 -0.271493
4.220021 -0.288949
4.230021 -0.306332
4.240021 -0.323636
4.250021 -0.340854
4.260022 -0.357977
4.270022 -0.374998
4.280022 -0.391911
4.290022 -0.408706
4.300023 -0.425378
4.310023 -0.441918
4.320023 -0.458319
4.330023 -0.474574
4.340024 -0.490675
4.350024 -0.506614
4.360024 -0.522385
4.370024 -0.537979
4.380024 -0.553389
4.390025 -0.568609
4.400025 -0.583629
4.410025 -0.598444
4.420025 -0.613044
4.430026 -0.627424
4.440026 -0.641575
4.450026 -0.655490
4.460026 -0.669162
4.470026 -0.682583
4.480027 -0.695745
4.490027 -0.708641
4.500027 -0.721265
4.510027 -0.733607
4.520028 -0.745661
4.530028 -0.757419
4.540028 -0.768875
4.550028 -0.780019
4.560029 -0.790846
4.570029 -0.801347
4.580029 -0.811515
4.590029 -0.821343
4.600029 -0.830822
4.610030 -0.839946
4.620030 -0.848708
4.630030 -0.857099
4.640030 -0.865112
4.650031 -0.872740
4.660031 -0.879975
4.670031 -0.886810
4.680031 -0.893237
4.690032 -0.899250
4.700032 -0.904840
4.710032 -0.909999
4.720032 -0.914722
4.730032 -0.918999
4.740033 -0.922824
4.750033 -0.926189
4.760033 -0.929087
4.770033 -0.931509
4.780034 -0.933450
4.790034 -0.934901
4.800034 -0.935855
4.810034 -0.936304
4.820035 -0.936241
4.830035 -0.935658
4.840035 -0.934549
4.850035 -0.932904
4.860035 -0.930718
4.870036 -0.927983
4.880036 -0.924690
4.890036 -0.920834
4.900036 -0.916405
4.910037 -0.911397
4.920037 -0.905803
4.930037 -0.899614
4.940037 -0.892824
4.950037 -0.885424
4.960038 -0.877408
4.970038 -0.868768
4.980038 -0.859496
4.990038 -0.849586


-5.000000 -0.839072
-4.990000 -0.849767
-4.980000 -0.860093
-4.969999 -0.870049
-4.959999 -0.879634
-4.949999 -0.888848
-4.939999 -0.897690
-4.929998 -0.906161
-4.919998 -0.914258
-4.909998 -0.921982
-4.899998 -0.929333
-4.889997 -0.936310
-4.879997 -0.942911
-4.869997 -0.949138
-4.859997 -0.954989
-4.849997 -0.960464
-4.839996 -0.965562
-4.829996 -0.970282
-4.819996 -0.974625
-4.809996 -0.978590
-4.799995 -0.982176
-4.789995 -0.985383
-4.779995 -0.988210
-4.769995 -0.990656
-4.759995 -0.992722
-4.749994 -0.994407
-4.739994 -0.995710
-4.729994 -0.996630
-4.719994 -0.997168
-4.709993 -0.997323
-4.699993 -0.997093
-4.689993 -0.996479
-4.679993 -0.995481
-4.669992 -0.994097
-4.659992 -0.992327
-4.649992 -0.990171
-4.639992 -0.987628
-4.629992 -0.984698
-4.619991 -0.981379
-4.609991 -0.977673
-4.599991 -0.973577
-4.589991 -0.969092
-4.579990 -0.964217
-4.569990 -0.958952
-4.559990 -0.953296
-4.549990 -0.947248
-4.539989 -0.940809
-4.529989 -0.933977
-4.519989 -0.926752
-4.509989 -0.919133
-4.499989 -0.911121
-4.489988 -0.902715
-4.479988 -0.893922
-4.469988 -0.884747
-4.459988 -0.875197
-4.449987 -0.865280
-4.439987 -0.855001
-4.429987 -0.844368
-4.419987 -0.833386
-4.409986 -0.822063
-4.399986 -0.810405
-4.389986 -0.798419
-4.379986 -0.786111
-4.369986 -0.773488
-4.359985 -0.760556
-4.349985 -0.747323
-4.339985 -0.733795
-4.329985 -0.719978
-4.319984 -0.705879
-4.309984 -0.691504
-4.299984 -0.676861
-4.289984 -0.661956
-4.279984 -0.646796
-4.269983 -0.631387
-4.259983 -0.615735
-4.249983 -0.599848
-4.239983 -0.583732
-4.229982 -0.567393
-4.219982 -0.550839
-4.209982 -0.534075
-4.199982 -0.517109
-4.189981 -0.499947
-4.179981 -0.482596
-4.169981 -0.465063
-4.159981 -0.447353
-4.149981 -0.429473
-4.139980 -0.411431
-4.129980 -0.393233
-4.119980 -0.374885
-4.109980 -0.356395
-4.099979 -0.337767
-4.089979 -0.319011
-4.079979 -0.300131
-4.069979 -0.281134
-4.059978 -0.262028
-4.049978 -0.242819
-4.039978 -0.223513
-4.029978 -0.204117
-4.019978 -0.184637
-4.009977 -0.165081
-3.999977 -0.145456
-3.989977 -0.125766
-3.979977 -0.106022
-3.969977 -0.086229
-3.959977 -0.066396
-3.949977 -0.046531
-3.939977 -0.026642
-3.929977 -0.006736
-3.919977 0.013179
-3.909977 0.033094
-3.899977 0.053003
-3.889977 0.072897
-3.879977 0.092769
-3.869977 0.112610
-3.859977 0.132413
-3.849977 0.152170
-3.839978 0.171873
-3.829978 0.191515
-3.819978 0.211087
-3.809978 0.230582
-3.799978 0.249992
-3.789978 0.269309
-3.779978 0.288525
-3.769978 0.307633
-3.759978 0.326624
-3.749978 0.345491
-3.739978 0.364226
-3.729978 0.382822
-3.719978 0.401269
-3.709978 0.419561
-3.699978 0.437690
-3.689978 0.455648
-3.679978 0.473427
-3.669978 0.491019
-3.659978 0.508416
-3.649978 0.525611
-3.639978 0.542596
-3.629978 0.559363
-3.619978 0.575904
-3.609978 0.592211
-3.599978 0.608277
-3.589978 0.624093
-3.579978 0.639653
-3.569978 0.654947
-3.559978 0.669968
-3.549978 0.684709
-3.539978 0.699162
-3.529978 0.713318
-3.519978 0.727170
-3.509978 0.740711
-3.499978 0.753931
-3.489978 0.766825
-3.479978 0.779390
-3.469978 0.791624
-3.459978 0.803524
-3.449978 0.815090
-3.439978 0.826320
-3.429978 0.837211
-3.419978 0.847763
-3.409978 0.857972
-3.399978 0.867838
-3.389978 0.877358
-3.379978 0.886532
-3.369978 0.895356
-3.359978 0.903829
-3.349978 0.911950
-3.339978 0.919717
-3.329978 0.927127
-3.319978 0.934180
-3.309978 0.940872
-3.299978 0.947204
-3.289978 0.953171
-3.279978 0.958774
-3.269978 0.964010
-3.259978 0.968877
-3.249978 0.973374
-3.239978 0.977499
-3.229978 0.981249
-3.219978 0.984624
-3.209978 0.987621
-3.199978 0.990238
-3.189978 0.992475
-3.179978 0.994328
-3.169978 0.995797
-3.159978 0.996879
-3.149978 0.997572
-3.139978 0.997876
-3.129978 0.997788
-3.119978 0.997306
-3.109978 0.996428
-3.099978 0.995153
-3.089978 0.993479
-3.079978 0.991404
-3.069978 0.988926
-3.059978 0.986044
-3.049978 0.982756
-3.039978 0.979060
-3.029978 0.974954
-3.019978 0.970436
-3.009978 0.965505
-2.999978 0.960158
-2.989978 0.954396
-2.979978 0.948223
-2.969978 0.941644
-2.959978 0.934667
-2.949978 0.927295
-2.939978 0.919537
-2.929978 0.911396
-2.919978 0.902880
-2.909978 0.893993
-2.899978 0.884743
-2.889978 0.875134
-2.879978 0.865173
-2.869978 0.854866
-2.859978 0.844218
-2.849978 0.833235
-2.839978 0.821923
-2.829978 0.810289
-2.819978 0.798337
-2.809978 0.786074
-2.799978 0.773506
-2.789979 0.760638
-2.779979 0.747477
-2.769979 0.734028
-2.759979 0.720297
-2.749979 0.706290
-2.739979 0.692014
-2.729979 0.677473
-2.719979 0.662673
-2.709979 0.647621
-2.699979 0.632323
-2.689979 0.616784
-2.679979 0.601010
-2.669979 0.585007
-2.659979 0.568781
-2.649979 0.552338
-2.639979 0.535683
-2.629979 0.518823
-2.619979 0.501764
-2.609979 0.484511
-2.599979 0.467070
-2.589979 0.449447
-2.579979 0.431648
-2.569979 0.413678
-2.559979 0.395545
-2.549979 0.377253
-2.539979 0.358808
-2.529979 0.340217
-2.519979 0.321485
-2.509979 0.302618
-2.499979 0.283622
-2.489979 0.264503
-2.479979 0.245269
-2.469979 0.225928
-2.459979 0.206488
-2.449979 0.186958
-2.439979 0.167345
-2.429979 0.147658
-2.419979 0.127905
-2.409979 0.108094
-2.399979 0.088233
-2.389979 0.068330
-2.379979 0.048393
-2.369979 0.028431
-2.359979 0.008452
-2.349979 -0.011537
-2.339979 -0.031527
-2.329979 -0.051509
-2.319979 -0.071477
-2.309979 -0.091421
-2.299979 -0.111333
-2.289979 -0.131206
-2.279979 -0.151031
-2.269979 -0.170800
-2.259979 -0.190505
-2.249979 -0.210138
-2.239979 -0.229691
-2.229979 -0.249155
-2.219979 -0.268522
-2.209979 -0.287785
-2.199979 -0.306934
-2.189979 -0.325963
-2.179979 -0.344862
-2.169979 -0.363624
-2.159979 -0.382241
-2.149979 -0.400704
-2.139979 -0.419005
-2.129979 -0.437136
-2.119979 -0.455089
-2.109979 -0.472856
-2.099979 -0.490429
-2.089979 -0.507799
-2.079979 -0.524958
-2.069979 -0.541899
-2.059979 -0.558613
-2.049979 -0.575092
-2.039979 -0.591327
-2.029979 -0.607311
-2.019979 -0.623036
-2.009979 -0.638493
-1.999979 -0.653675
-1.989979 -0.668573
-1.979979 -0.683185
-1.969979 -0.697506
-1.959979 -0.711536
-1.949979 -0.725269
-1.939979 -0.738704
-1.929979 -0.751838
-1.919979 -0.764667
-1.909979 -0.777189
-1.899979 -0.789401
-1.889979 -0.801300
-1.879979 -0.812883
-1.869979 -0.824147
-1.859979 -0.835089
-1.849979 -0.845706
-1.839979 -0.855995
-1.829979 -0.865954
-1.819979 -0.875579
-1.809979 -0.884868
-1.799979 -0.893817
-1.789979 -0.902424
-1.779979 -0.910686
-1.769979 -0.918600
-1.759979 -0.926162
-1.749979 -0.933371
-1.739980 -0.940223
-1.729980 -0.946714
-1.719980 -0.952843
-1.709980 -0.958607
-1.699980 -0.964001
-1.689980 -0.969024
-1.679980 -0.973673
-1.669980 -0.977944
-1.659980 -0.981835
-1.649980 -0.985343
-1.639980 -0.988465
-1.629980 -0.991197
-1.619980 -0.993538
-1.609980 -0.995484
-1.599980 -0.997032
-1.589980 -0.998179
-1.579980 -0.998922
-1.569980 -0.999259
-1.559980 -0.999186
-1.549980 -0.998701
-1.539980 -0.997801
-1.529980 -0.996482
-1.519980 -0.994742
-1.509980 -0.992578
-1.499980 -0.989987
-1.489980 -0.986967
-1.479980 -0.983522
-1.469980 -0.979658
-1.459980 -0.975378
-1.449980 -0.970688
-1.439980 -0.965593
-1.429980 -0.960099
-1.419980 -0.954209
-1.409980 -0.947929
-1.399980 -0.941264
-1.389980 -0.934219
-1.379980 -0.926799
-1.369980 -0.919008
-1.359980 -0.910853
-1.349980 -0.902337
-1.339980 -0.893466
-1.329980 -0.884245
-1.319980 -0.874679
-1.309980 -0.864772
-1.299980 -0.854530
-1.289980 -0.843958
-1.279980 -0.833061
-1.269980 -0.821843
-1.259980 -0.810310
-1.249980 -0.798467
-1.239980 -0.786319
-1.229980 -0.773870
-1.219980 -0.761125
-1.209980 -0.748091
-1.199980 -0.734771
-1.189980 -0.721170
-1.179980 -0.707294
-1.169980 -0.693148
-1.159980 -0.678736
-1.149980 -0.664064
-1.139980 -0.649136
-1.129980 -0.633958
-1.119980 -0.618534
-1.109980 -0.602869
-1.099980 -0.586969
-1.089980 -0.570839
-1.079980 -0.554483
-1.069980 -0.537906
-1.059980 -0.521114
-1.049980 -0.504111
-1.039980 -0.486902
-1.029980 -0.469493
-1.019980 -0.451888
-1.009980 -0.434092
-0.999980 -0.416111
-0.989980 -0.397950
-0.979980 -0.379616
-0.969980 -0.361118
-0.959980 -0.342464
-0.949980 -0.323663
-0.939980 -0.304722
-0.929980 -0.285651
-0.919980 -0.266457
-0.909980 -0.247149
-0.899980 -0.227734
-0.889980 -0.208223
-0.879980 -0.188622
-0.869980 -0.168939
-0.859980 -0.149185
-0.849980 -0.129365
-0.839980 -0.109490
-0.829980 -0.089567
-0.819980 -0.069604
-0.809980 -0.049610
-0.799980 -0.029594
-0.789980 -0.009562
-0.779980 0.010475
-0.769980 0.030511
-0.759980 0.050536
-0.749980 0.070542
-0.739980 0.090521
-0.729980 0.110466
-0.719980 0.130366
-0.709980 0.150215
-0.699980 0.170003
-0.689981 0.189723
-0.679981 0.209366
-0.669981 0.228924
-0.659981 0.248389
-0.649981 0.267752
-0.639981 0.287004
-0.629981 0.306139
-0.619981 0.325146
-0.609981 0.344019
-0.599981 0.362749
-0.589981 0.381327
-0.579981 0.399744
-0.569981 0.417994
-0.559981 0.436067
-0.549981 0.453956
-0.539981 0.471651
-0.529981 0.489145
-0.519981 0.506429
-0.509981 0.523495
-0.499981 0.540335
-0.489981 0.556940
-0.479981 0.573307
-0.469981 0.589432
-0.459981 0.605309
-0.449981 0.620937
-0.439981 0.636309
-0.429981 0.651423
-0.419981 0.666274
-0.409981 0.680859
-0.399981 0.695173
-0.389981 0.709212
-0.379981 0.722973
-0.369981 0.736451
-0.359981 0.749643
-0.349981 0.762544
-0.339981 0.775151
-0.329981 0.787459
-0.319981 0.799464
-0.309981 0.811163
-0.299981 0.822551
-0.289981 0.833625
-0.279981 0.844380
-0.269981 0.854813
-0.259981 0.864920
-0.249981 0.874695
-0.239981 0.884137
-0.229981 0.893240
-0.219981 0.902000
-0.209981 0.910414
-0.199981 0.918477
-0.189981 0.926187
-0.179981 0.933537
-0.169981 0.940525
-0.159981 0.947147
-0.149981 0.953398
-0.139981 0.959275
-0.129981 0.964773
-0.119981 0.969889
-0.109981 0.974619
-0.099981 0.978958
-0.089981 0.982903
-0.079981 0.986449
-0.069981 0.989593
-0.059981 0.992331
-0.049981 0.994658
-0.039981 0.996571
-0.029981 0.998066
-0.019981 0.999139
-0.009981 0.999784
0.000019 1.000000
0.010019 0.999783
0.020019 0.999135
0.030019 0.998061
0.040019 0.996565
0.050019 0.994650
0.060019 0.992321
0.070019 0.989582
0.080019 0.986436
0.090019 0.982889
0.100019 0.978942
0.110019 0.974602
0.120019 0.969871
0.130019 0.964753
0.140019 0.959253
0.150019 0.953375
0.160019 0.947122
0.170019 0.940499
0.180019 0.933510
0.190019 0.926158
0.200019 0.918447
0.210019 0.910383
0.220019 0.901967
0.230019 0.893205
0.240019 0.884101
0.250019 0.874659
0.260019 0.864882
0.270019 0.854774
0.280019 0.844340
0.290019 0.833583
0.300019 0.822508
0.310019 0.811119
0.320019 0.799419
0.330019 0.787412
0.340019 0.775103
0.350019 0.762495
0.360019 0.749593
0.370019 0.736400
0.380019 0.722921
0.390019 0.709159
0.400019 0.695118
0.410019 0.680803
0.420019 0.666218
0.430019 0.651366
0.440019 0.636251
0.450019 0.620877
0.460019 0.605249
0.470019 0.589370
0.480019 0.573245
0.490019 0.556877
0.500019 0.540271
0.510019 0.523430
0.520019 0.506363
0.530019 0.489078
0.540019 0.471584
0.550019 0.453888
0.560019 0.435999
0.570019 0.417925
0.580019 0.399674
0.590019 0.381256
0.600019 0.362677
0.610019 0.343947
0.620019 0.325074
0.630019 0.306066
0.640019 0.286931
0.650019 0.267678
0.660019 0.248315
0.670019 0.228850
0.680019 0.209291
0.690019 0.189648
0.700019 0.169928
0.710019 0.150139
0.720019 0.130290
0.730019 0.110389
0.740019 0.090445
0.750019 0.070466
0.760019 0.050459
0.770019 0.030434
0.780019 0.010398
0.790019 -0.009639
0.800019 -0.029670
0.810019 -0.049687
0.820019 -0.069681
0.830019 -0.089643
0.840019 -0.109566
0.850019 -0.129441
0.860019 -0.149260
0.870019 -0.169015
0.880019 -0.188697
0.890019 -0.208297
0.900019 -0.227809
0.910019 -0.247223
0.920019 -0.266530
0.930019 -0.285724
0.940019 -0.304795
0.950019 -0.323735
0.960019 -0.342535
0.970019 -0.361189
0.980018 -0.379686
0.990018 -0.398019
1.000018 -0.416180
1.010018 -0.434161
1.020018 -0.451956
1.030018 -0.469560
1.040018 -0.486969
1.050018 -0.504176
1.060018 -0.521178
1.070018 -0.537970
1.080018 -0.554546
1.090018 -0.570901
1.100018 -0.587031
1.110018 -0.602930
1.120018 -0.618593
1.130018 -0.634016
1.140018 -0.649193
1.150018 -0.664120
1.160018 -0.678792
1.170018 -0.693202
1.180018 -0.707348
1.190018 -0.721223
1.200018 -0.734822
1.210018 -0.748141
1.220018 -0.761175
1.230018 -0.773918
1.240018 -0.786366
1.250018 -0.798513
1.260018 -0.810355
1.270018 -0.821887
1.280018 -0.833103
1.290018 -0.843999
1.300018 -0.854570
1.310018 -0.864811
1.320018 -0.874716
1.330018 -0.884281
1.340018 -0.893501
1.350018 -0.902370
1.360018 -0.910884
1.370018 -0.919039
1.380018 -0.926828
1.390018 -0.934247
1.400018 -0.941290
1.410018 -0.947954
1.420018 -0.954232
1.430018 -0.960121
1.440018 -0.965614
1.450018 -0.970707
1.460018 -0.975395
1.470018 -0.979673
1.480018 -0.983536
1.490018 -0.986979
1.500018 -0.989998
1.510018 -0.992587
1.520018 -0.994750
1.530018 -0.996488
1.540018 -0.997805
1.550018 -0.998704
1.560018 -0.999188
1.570018 -0.999259
1.580018 -0.998920
1.590018 -0.998175
1.600018 -0.997027
1.610018 -0.995477
1.620018 -0.993530
1.630018 -0.991188
1.640018 -0.988454
1.650018 -0.985331
1.660018 -0.981821
1.670018 -0.977929
1.680018 -0.973656
1.690018 -0.969006
1.700018 -0.963982
1.710018 -0.958585
1.720018 -0.952821
1.730018 -0.946690
1.740018 -0.940197
1.750018 -0.933344
1.760018 -0.926134
1.770018 -0.918570
1.780018 -0.910655
1.790018 -0.902392
1.800018 -0.893784
1.810018 -0.884833
1.820018 -0.875543
1.830018 -0.865917
1.840018 -0.855957
1.850018 -0.845666
1.860018 -0.835047
1.870018 -0.824104
1.880018 -0.812839
1.890018 -0.801255
1.900018 -0.789355
1.910018 -0.777142
1.920018 -0.764619
1.930018 -0.751788
1.940018 -0.738654
1.950018 -0.725217
1.960018 -0.711483
1.970018 -0.697452
1.980018 -0.683129
1.990018 -0.668517
2.000018 -0.653617
2.010018 -0.638435
2.020018 -0.622977
2.030018 -0.607251
2.040018 -0.591265
2.050018 -0.575029
2.060018 -0.558549
2.070018 -0.541835
2.080018 -0.524893
2.090018 -0.507733
2.100018 -0.490362
2.110018 -0.472788
2.120018 -0.455021
2.130018 -0.437067
2.140018 -0.418935
2.150017 -0.400633
2.160017 -0.382170
2.170017 -0.363553
2.180017 -0.344790
2.190017 -0.325890
2.200017 -0.306861
2.210017 -0.287711
2.220017 -0.268448
2.230017 -0.249080
2.240017 -0.229616
2.250017 -0.210063
2.260017 -0.190430
2.270017 -0.170725
2.280017 -0.150955
2.290017 -0.131130
2.300017 -0.111257
2.310017 -0.091344
2.320017 -0.071400
2.330017 -0.051433
2.340017 -0.031450
2.350017 -0.011460
2.360017 0.008528
2.370017 0.028508
2.380017 0.048470
2.390017 0.068406
2.400017 0.088309
2.410017 0.108170
2.420017 0.127981
2.430017 0.147734
2.440017 0.167421
2.450017 0.187033
2.460017 0.206563
2.470017 0.226002
2.480017 0.245343
2.490017 0.264576
2.500017 0.283695
2.510017 0.302691
2.520017 0.321557
2.530017 0.340289
2.540017 0.358879
2.550017 0.377323
2.560017 0.395615
2.570017 0.413748
2.580017 0.431716
2.590017 0.449515
2.600017 0.467137
2.610017 0.484577
2.620017 0.501830
2.630017 0.518889
2.640017 0.535748
2.650017 0.552401
2.660017 0.568844
2.670017 0.585069
2.680017 0.601071
2.690017 0.616844
2.700017 0.632382
2.710017 0.647680
2.720017 0.662730
2.730017 0.677529
2.740017 0.692069
2.750017 0.706345
2.760017 0.720350
2.770017 0.734080
2.780017 0.747528
2.790017 0.760688
2.800017 0.773555
2.810017 0.786122
2.820017 0.798383
2.830017 0.810334
2.840017 0.821967
2.850017 0.833278
2.860017 0.844259
2.870017 0.854906
2.880017 0.865212
2.890017 0.875172
2.900017 0.884779
2.910017 0.894028
2.920017 0.902913
2.930017 0.911428
2.940017 0.919567
2.950017 0.927325
2.960017 0.934694
2.970017 0.941670
2.980017 0.948247
2.990017 0.954419
3.000017 0.960180
3.010017 0.965524
3.020017 0.970454
3.030017 0.974970
3.040017 0.979075
3.050017 0.982770
3.060017 0.986056
3.070017 0.988937
3.080017 0.991413
3.090017 0.993486
3.100017 0.995159
3.110017 0.996432
3.120017 0.997308
3.130017 0.997789
3.140017 0.997876
3.150017 0.997571
3.160017 0.996875
3.170017 0.995792
3.180017 0.994322
3.190017 0.992467
3.200016 0.990229
3.210016 0.987610
3.220016 0.984612
3.230016 0.981235
3.240016 0.977483
3.250016 0.973358
3.260016 0.968859
3.270016 0.963991
3.280016 0.958753
3.290016 0.953149
3.300016 0.947180
3.310016 0.940847
3.320016 0.934153
3.330016 0.927099
3.340016 0.919688
3.350016 0.911920
3.360016 0.903798
3.370016 0.895323
3.380016 0.886497
3.390016 0.877323
3.400016 0.867801
3.410016 0.857934
3.420016 0.847723
3.430016 0.837170
3.440016 0.826278
3.450016 0.815047
3.460016 0.803479
3.470016 0.791577
3.480016 0.779342
3.490016 0.766776
3.500016 0.753881
3.510016 0.740659
3.520016 0.727118
3.530016 0.713264
3.540016 0.699107
3.550016 0.684653
3.560016 0.669911
3.570016 0.654889
3.580016 0.639594
3.590016 0.624033
3.600016 0.608216
3.610016 0.592149
3.620016 0.575841
3.630016 0.559299
3.640016 0.542531
3.650016 0.525546
3.660016 0.508350
3.670016 0.490952
3.680016 0.473359
3.690016 0.455579
3.700016 0.437621
3.710016 0.419492
3.720016 0.401199
3.730016 0.382751
3.740016 0.364155
3.750016 0.345419
3.760016 0.326552
3.770016 0.307560
3.780016 0.288452
3.790016 0.269235
3.800016 0.249918
3.810016 0.230508
3.820016 0.211012
3.830016 0.191440
3.840016 0.171798
3.850016 0.152095
3.860016 0.132337
3.870016 0.112534
3.880016 0.092693
3.890016 0.072821
3.900016 0.052927
3.910016 0.033018
3.920016 0.013102
3.930016 -0.006812
3.940016 -0.026718
3.950016 -0.046608
3.960016 -0.066472
3.970016 -0.086305
3.980016 -0.106097
3.990016 -0.125842
4.000016 -0.145531
4.010016 -0.165157
4.020016 -0.184713
4.030016 -0.204192
4.040017 -0.223588
4.050017 -0.242893
4.060017 -0.262102
4.070017 -0.281208
4.080018 -0.300204
4.090018 -0.319083
4.100018 -0.337840
4.110018 -0.356466
4.120018 -0.374956
4.130019 -0.393304
4.140019 -0.411501
4.150019 -0.429543
4.160019 -0.447421
4.170020 -0.465131
4.180020 -0.482664
4.190020 -0.500014
4.200020 -0.517175
4.210021 -0.534141
4.220021 -0.550903
4.230021 -0.567457
4.240021 -0.583794
4.250021 -0.599910
4.260022 -0.615796
4.270022 -0.631447
4.280022 -0.646855
4.290022 -0.662015
4.300023 -0.676919
4.310023 -0.691561
4.320023 -0.705934
4.330023 -0.720032
4.340024 -0.733848
4.350024 -0.747375
4.360024 -0.760607
4.370024 -0.773537
4.380024 -0.786159
4.390025 -0.798466
4.400025 -0.810451
4.410025 -0.822108
4.420025 -0.833429
4.430026 -0.844410
4.440026 -0.855042
4.450026 -0.865319
4.460026 -0.875235
4.470026 -0.884783
4.480027 -0.893956
4.490027 -0.902748
4.500027 -0.911153
4.510027 -0.919164
4.520028 -0.926780
4.530028 -0.934004
4.540028 -0.940834
4.550028 -0.947272
4.560029 -0.953318
4.570029 -0.958973
4.580029 -0.964237
4.590029 -0.969110
4.600029 -0.973594
4.610030 -0.977688
4.620030 -0.981393
4.630030 -0.984710
4.640030 -0.987639
4.650031 -0.990180
4.660031 -0.992335
4.670031 -0.994103
4.680031 -0.995485
4.690032 -0.996483
4.700032 -0.997095
4.710032 -0.997323
4.720032 -0.997167
4.730032 -0.996628
4.740033 -0.995706
4.750033 -0.994401
4.760033 -0.992715
4.770033 -0.990648
4.780034 -0.988200
4.790034 -0.985371
4.800034 -0.982163
4.810034 -0.978576
4.820035 -0.974609
4.830035 -0.970265
4.840035 -0.965543
4.850035 -0.960443
4.860035 -0.954967
4.870036 -0.949115
4.880036 -0.942887
4.890036 -0.936283
4.900036 -0.929305
4.910037 -0.921953
4.920037 -0.914227
4.930037 -0.906129
4.940037 -0.897657
4.950037 -0.888813
4.960038 -0.879598
4.970038 -0.870011
4.980038 -0.860054
4.990038 -0.849726


