21 6 2006
5 5 1979
30 8 1949
1 5 1972
25 10 1992
3 7 1971
28 4 1993
14 8 1981
5 1924
20 12 2010
21 5 1927
22 5 1943
23 5 1995
6 1979
19 1 1947
17 12 1938
6 8 2002
11 10 1927
26 6 1988
19 9 1986
15 3 1932
21 3 2010
26 12 2000
22 12 1997
29 1 1959
5 7 2014
10 2 1938
9 2 1938
10 11 2019
16 6 2012
13 1 1994
23 1 1933
23 3 1988
25 1 1931
21 10 2011
1 2 1952
8 10 1926
13 7 2019
12 7 1969
26 4 1943
24 1 1997
3 12 1930
9 8 1944
22 2 1963
18 11 2010
25 10 1995
9 2005
21 2 1951
7 4 1943
24 9 1967
13 7 1992
15 7 1939
23 3 1945
7 5 2005
14 4 1993
10 8 1984
10 7 1932
3 8 2008
3 2015
25 12 1962
19 5 1935
26 4 1971
23 2 1942
8 7 1984
7 12 1946
25 7 1960
7 2 1982
25 3 1943
5 8 1930
4 5 1927
31 10 1957
6 8 1993
1 12 1972
26 9 1966
15 4 1933
15 11 2017
13 10 1992
7 6 1966
22 8 2003
18 4 2015
8 2 1965
23 3 1996
8 10 1957
7 7 1979
28 10 2017
4 2020
29 4 1996
23 3 2006
19 6 1945
6 1970
6 1986
16 7 2013
2 7 2009
31 11 2000
10 6 1964
21 4 1922
14 3 1949
14 1 1991
10 3 1987
2 8 1951
2 7 1998
10 4 1982
16 3 1956
10 3 2017
12 1 1948
12 2 2018
28 9 1960
24 4 1973
26 3 1995
22 4 1963
16 10 1988
20 8 1993
8 1943
14 3 1939
12 1970
22 3 2004
2 5 2002
1 3 1979
16 4 1933
6 10 2013
1 9 1967
15 12 1978
5 1992
30 1 2000
31 1 1934
29 3 1936
23 8 1990
16 8 1988
26 7 1995
24 12 2005
7 8 2007
30 6 1961
18 7 1934
16 5 1932
14 4 1979
12 5 1994
12 1 1928
4 6 1957
11 1 1925
29 12 1928
28 9 1930
16 3 1955
15 4 1981
19 11 1932
12 1937
4 1991
15 12 1980
19 9 1986
9 5 1941
29 10 1958
2 2 1942
8 1 2013
16 9 1935
5 3 2014
18 8 1963
21 4 2000
10 5 1981
5 3 1935
28 4 1929
26 12 2006
19 2 1954
15 5 1955
9 1982
14 3 1993
10 12 2002
23 8 1928
17 3 1975
28 10 1958
20 1 1921
1 4 1984
29 7 1922
19 2 2011
26 10 1972
16 8 1950
8 6 1987
8 12 1960
24 6 1987
16 10 1975
3 9 1947
5 6 1992
22 9 1963
3 1936
12 1983
12 2015
20 5 1921
22 8 1969
15 3 2014
16 1 1977
23 6 1943
5 1 2003
27 7 1932
7 1934
14 12 1967
27 8 1924
8 1 1925
18 11 1953
28 8 1948
11 7 1991
3 10 1985
10 9 1991
14 9 1975
1 7 1973
4 11 1991
5 10 1991
17 2 1937
16 12 1931
4 1 1990
29 9 2010
2 2 2009
21 7 1950
20 10 1938
30 1 1979
17 10 1986
21 11 1958
9 2 1921
5 3 1932
1 1954
28 4 1937
17 7 1974
11 7 1948
1 1970
24 10 1959
7 11 1928
4 6 1968
8 1958
29 3 1980
28 5 1931
1 1930
10 1 1966
6 8 2005
14 11 2015
19 3 2003
15 6 1934
20 6 1949
3 10 1984
24 5 1978
30 9 1954
26 11 1942
8 5 1955
3 11 1929
17 6 1981
15 4 1996
6 12 1984
5 4 1972
8 12 1964
27 6 1937
9 1932
11 10 2020
16 12 2012
25 9 1986
11 4 1947
26 3 2010
10 10 2006
29 6 1966
24 2 1950
20 2 1989
19 4 1952
1 10 1930
21 4 1955
21 10 1980
31 2 1960
23 1 2005
7 8 1934
20 7 1994
22 3 1957
17 8 2001
10 1946
12 7 1982
22 6 1993
8 2 1925
13 10 1943
2 2011
29 4 1986
18 2 2003
29 2 2007
28 2 1957
12 8 1988
26 2 1980
6 6 1957
4 1 1931
8 2 1975
19 4 1947
2 7 1927
23 2 1940
11 12 1966
2 11 1937
30 4 1943
15 6 1956
20 5 1972
9 5 1964
24 6 1941
7 1938
31 3 2015
11 2 1953
17 10 1937
25 7 1971
25 7 1932
24 1 2020
8 10 2009
11 12 1996
6 6 2013
22 2 1979
18 1 1944
5 4 1928
15 8 2005
22 6 2014
13 11 1974
5 2 2016
2 8 1946
15 4 1933
6 11 1961
28 6 1976
30 12 2010
12 1964
19 11 1961
27 10 1964
23 6 1922
13 4 1935
11 11 1944
5 4 1952
28 12 2014
13 1 1944
20 2 1959
10 8 1943
13 5 1941
2 7 1981
25 4 1924
14 5 1988
27 5 1949
12 3 2011
26 11 1948
12 1966
31 6 2009
8 4 1929
4 1969
22 1 2005
8 11 1967
27 8 1965
30 6 1943
2 11 1991
21 5 1993
2 3 1924
17 11 1982
3 1 2020
14 9 2002
8 1 1990
7 1975
16 2 1993
29 10 1988
7 7 1995
17 8 1950
12 3 1997
13 2 1952
16 6 2014
5 2 1950
16 4 1986
14 5 2008
12 12 1957
31 3 1925
15 1 1928
30 10 1991
30 2 1955
15 7 1946
8 2009
17 3 1950
23 12 1994
20 12 2016
31 2 1978
12 12 1980
5 3 2013
8 3 2011
17 11 2000
15 1 1997
10 4 1925
16 3 2015
11 10 1980
5 8 1974
28 1 1976
6 10 1964
28 11 1941
13 2 2010
31 1 1929
25 1 1984
14 3 2004
1 3 1978
31 8 1953
2 6 2013
7 2001
5 2004
20 9 2009
20 7 1927
31 3 1948
21 5 1962
2 9 1974
4 6 1994
31 3 1971
6 3 1921
24 5 2013
29 6 1997
31 7 1947
15 11 1983
2 12 1972
30 2 1989
28 7 1982
3 10 1945
8 2014
28 5 1949
3 9 1934
12 3 1992
13 3 1968
17 12 2006
9 6 1950
25 2 2019
1 6 1954
16 3 1991
27 10 1989
30 1 1974
3 1929
7 7 1949
5 5 1943
4 2 1970
27 3 1940
4 9 1945
19 7 1944
23 2 1930
10 11 1953
18 2 1979
7 1 1925
25 9 2002
18 6 2002
7 1999
27 6 1962
31 12 1982
20 10 1982
18 9 2017
17 3 1979
15 5 1943
2 2 1940
13 11 1940
1 11 1975
11 1975
2 1956
31 12 1978
5 12 1929
12 2014
24 7 1932
13 6 1927
25 10 1946
9 1999
27 11 1979
6 1968
10 5 1980
14 8 2013
6 4 1926
6 1995
1 5 1960
19 6 1943
7 6 2003
22 6 1991
17 9 1943
23 10 2018
1 5 1926
16 9 1967
13 6 2016
12 11 1930
13 10 1949
22 8 1970
31 11 1962
19 4 1980
23 3 2016
18 2 1995
1 2003
2 2012
22 11 1979
5 11 1929
31 3 1959
6 1982
30 8 2005
30 11 1949
30 5 1979
14 1 1978
15 11 1948
12 1965
2 1963
22 3 1940
13 11 1966
9 9 1924
25 2 1932
27 6 1999
11 2 2006
2 11 2002
25 11 1973
21 11 1973
12 6 1991
1 5 1946
28 12 2006
29 8 1965
1 8 2002
23 7 1926
5 9 1923
30 7 1984
12 1 1995
21 7 1992
4 1978
30 3 1979
5 1965
2 9 1935
10 3 2018
8 5 1963
12 4 1939
5 3 1931
25 9 1938
14 4 1995
16 7 1948
2 3 1954
29 7 1921
13 9 1978
25 2 2004
26 4 1933
14 8 1951
3 8 1930
28 5 1934
5 6 1970
6 3 1988
12 2011
1 1933
6 1948
30 3 1997
17 11 1985
1 7 1940
17 11 1961
12 7 1942
2 12 1922
23 10 1982
11 5 1993
23 9 1975
16 5 1974
9 4 2013
5 3 2002
10 8 1949
13 11 1978
6 4 1965
18 11 1952
18 3 1927
4 1968
25 2 1937
14 6 1954
2 5 1938
1 9 2005
16 10 2005
22 11 1927
25 10 1997
25 5 1934
9 3 1940
16 1 1942
21 4 1988
2 11 1980
3 1984
15 11 1925
6 10 1951
12 6 1987
10 8 1932
15 11 2007
2 12 1954
22 8 1964
27 12 1964
26 2 1948
19 6 1961
1 4 1932
25 4 2001
17 11 1945
1 3 1929
2 5 1977
31 1 1934
29 1 1933
6 10 1990
23 6 1948
6 6 1976
19 12 1972
18 5 1975
15 12 1945
9 7 1972
27 11 1964
26 11 1955
17 5 1979
16 5 1940
27 3 1988
9 2 2003
26 8 1956
8 10 2004
18 3 1980
24 7 2008
22 7 1948
2 6 2003
20 8 1968
6 11 1935
7 5 1973
21 10 1956
12 4 1979
4 9 1940
5 2002
11 5 1961
8 1965
22 4 1976
1 1 1996
4 10 2018
16 7 1946
24 11 1933
26 11 1932
9 6 1941
13 12 1998
9 1983
24 9 1985
30 4 1996
23 5 2015
23 9 1921
8 11 1921
5 1998
2 1 1941
12 4 1947
23 9 1949
30 7 2004
10 9 1923
22 1 2001
26 1 1928
15 4 2002
11 2 2007
13 4 1966
2 1 2000
14 5 1959
14 5 1975
15 9 1978
29 2 1930
4 8 2006
23 2 1995
20 10 1993
22 8 1969
25 9 1963
11 1 1974
8 1963
20 9 1976
7 11 2017
5 1972
27 7 2000
29 8 1929
1 6 1979
14 4 1926
12 3 1951
13 6 1994
14 4 1944
19 4 1939
4 3 1942
14 11 1925
23 1 1951
25 5 1986
19 10 1961
11 5 1934
25 9 1923
3 7 1978
20 4 1967
10 1985
14 1 1976
10 8 2014
6 5 1974
20 3 1946
29 7 1997
19 3 1969
17 10 1947
18 10 1980
11 2 2005
5 2 1949
2 12 1970
30 5 1926
30 1 1927
3 1 2001
12 1974
1 8 1995
19 9 1996
16 9 2020
28 8 1941
11 1953
11 2018
16 10 1950
19 2 1974
30 9 2013
10 8 1932
20 9 1952
24 11 1965
26 12 1980
6 5 1993
30 11 2009
30 12 1971
21 9 1989
17 11 1951
8 1946
15 4 1966
3 2 1932
19 3 2001
8 7 1949
19 12 1929
27 6 1955
10 7 1951
6 7 1979
8 9 1988
21 1 1942
7 2 1981
29 1 1937
3 2 1991
27 12 2006
6 4 1971
24 8 1956
2 5 2005
30 9 1975
3 12 2005
29 4 1937
23 5 1994
11 2 1931
12 6 1949
18 5 1971
20 4 1954
28 11 1935
5 5 1991
6 1999
13 5 1961
2 5 1992
7 1969
13 11 1998
2 10 1950
9 1949
20 12 1990
9 5 2012
28 5 2019
5 9 1992
19 8 1992
17 10 1974
31 6 1965
22 12 1962
6 5 1923
27 10 2014
6 1997
17 1 1950
26 10 1926
15 11 1953
17 7 1925
9 1945
28 9 2013
14 11 1987
19 7 1944
5 10 2020
6 6 1934
24 3 2006
8 6 1974
23 5 2016
12 5 1962
16 10 1991
28 12 2006
19 4 2009
18 11 1997
24 12 1944
17 8 1973
11 9 1962
7 6 1946
22 2 2015
17 3 1943
4 1984
6 9 1994
5 11 1965
2 1 1945
3 1 1929
24 7 1963
7 6 2000
24 3 1927
31 5 2003
29 12 1967
14 1 1928
4 5 2020
1 12 1980
27 1 1981
26 3 1944
11 1933
12 2000
14 12 1954
20 3 1968
1 2 1971
15 8 1924
2 8 2013
23 6 1968
15 10 1988
1 6 1935
16 7 1995
4 12 1924
28 9 1981
17 9 1942
16 1 1938
3 6 1922
31 12 1935
20 1 1971
20 2 1978
11 2 1984
7 10 2006
22 6 1927
16 7 1984
4 12 1956
17 7 1972
24 6 1990
25 4 1969
15 6 1997
30 5 1947
31 2 2019
17 5 1926
6 5 1928
29 2 1948
10 1943
7 5 2012
3 1928
11 1 1962
27 11 1930
16 2 2006
22 6 1963
22 6 2020
10 8 1974
13 6 1961
4 8 2006
27 10 1974
27 8 1956
20 3 1987
18 8 2020
31 4 1985
10 7 1972
20 8 2007
13 10 1953
22 10 1991
31 5 1971
10 2000
6 1956
28 5 2018
13 10 2014
18 8 1945
30 7 1941
27 10 2002
26 4 1976
5 4 1937
27 7 1987
15 4 2015
14 1 1995
12 4 1943
8 10 1924
25 7 1938
30 6 1958
19 2 1962
2 6 1933
17 12 2013
6 8 1921
11 5 1962
14 2 1942
30 9 1944
25 9 1961
20 12 1928
9 1 1970
9 1956
12 6 1999
4 7 1986
8 11 1922
11 6 1962
9 11 1970
18 8 2018
15 12 2011
26 12 1978
26 12 2000
10 11 1956
14 3 2011
21 1 1930
21 4 1974
14 2 2010
21 2 1960
24 11 1960
18 6 1999
10 2005
25 2 1990
17 8 1983
6 7 1956
30 3 1983
16 11 2017
14 12 2004
7 4 1992
4 3 2009
27 10 2003
28 10 1936
4 6 1994
10 9 2015
11 1944
9 9 2014
22 5 1980
6 9 2006
12 1 1971
22 12 1996
9 3 1992
5 2002
13 8 1958
26 12 1989
21 3 1986
7 11 2007
18 5 1969
13 12 1922
24 5 1993
7 7 1990
4 6 1993
16 7 1973
9 1927
2 8 2005
1 6 2006
4 1 1995
11 12 1958
1 1952
24 9 1966
17 9 2004
1 3 1936
6 5 2018
18 2 1977
18 9 1954
30 10 1988
27 6 1993
26 3 1950
4 11 1980
18 9 1989
2 1963
18 3 1994
13 12 1937
5 1966
30 3 1925
10 5 1943
18 3 1922
19 12 1952
3 11 1986
11 1926
8 7 1951
11 8 1961
27 9 2000
2 1952
24 12 1931
17 4 2001
19 6 1941
26 5 1970
23 8 1951
26 12 1933
17 2 1939
15 12 1934
31 10 1927
13 12 1955
12 1974
24 5 1938
27 11 2013
10 2 1979
26 11 1978
6 8 1967
26 9 1980
17 6 1962
20 2 1982
24 9 1959
8 1 1946
3 1960
27 6 1964
7 1980
27 3 1930
3 7 2010
18 1 1970
24 12 1999
20 3 1980
31 7 2018
14 4 1942
7 10 1965
30 9 2003
18 6 2011
10 5 1952
13 8 1977
16 6 1922
3 8 1959
18 9 1989
14 11 2020
26 5 2012
25 8 1952
23 3 1965
9 8 1972
29 6 1924
24 5 1995
17 4 1928
2 1944
13 10 1937
7 4 1997
27 8 1953
4 9 1974
17 5 1968
3 1956
2 8 1932
5 10 1978
16 10 1991
18 4 2010
10 9 1957
25 4 1964
25 9 1936
